# relative_time, cycles_done, cur_item, corpus_count, pending_total, pending_favs, map_size, saved_crashes, saved_hangs, max_depth, execs_per_sec, total_execs, edges_found
61, 1, 14, 26, 9, 0, 3.37%, 0, 0, 4, 927.07, 54797, 508
66, 1, 23, 26, 6, 0, 3.37%, 0, 0, 4, 933.74, 59624, 508
71, 1, 24, 27, 5, 0, 3.37%, 0, 0, 5, 937.34, 64537, 508
76, 1, 18, 27, 4, 0, 3.37%, 0, 0, 5, 941.02, 69375, 508
81, 2, 19, 28, 3, 0, 3.37%, 0, 0, 5, 935.36, 74202, 508
87, 2, 27, 28, 2, 0, 3.37%, 0, 0, 5, 936.63, 79067, 508
92, 2, 27, 28, 1, 0, 3.37%, 0, 0, 5, 914.44, 83790, 508
97, 2, 18, 28, 1, 0, 3.37%, 0, 0, 5, 908.45, 88538, 508
102, 3, 18, 28, 1, 0, 3.37%, 0, 0, 5, 919.03, 93285, 508
107, 3, 23, 28, 1, 0, 3.37%, 0, 0, 5, 905.97, 97865, 508
112, 4, 15, 28, 1, 0, 3.37%, 0, 0, 5, 910.03, 102531, 508
118, 4, 22, 28, 0, 0, 3.37%, 0, 0, 5, 912.49, 107321, 508
122, 4, 22, 28, 0, 0, 3.37%, 0, 0, 5, 899.33, 111587, 508
