# relative_time, cycles_done, cur_item, corpus_count, pending_total, pending_favs, map_size, saved_crashes, saved_hangs, max_depth, execs_per_sec, total_execs, edges_found
61, 0, 0, 5, 5, 1, 4.11%, 0, 0, 2, 933.57, 56865, 654
66, 0, 0, 5, 5, 1, 4.11%, 0, 0, 2, 950.91, 61761, 654
71, 0, 0, 7, 7, 1, 4.13%, 0, 0, 2, 953.99, 66530, 656
76, 0, 0, 24, 24, 1, 4.20%, 0, 2, 2, 107.89, 68507, 667
81, 0, 18, 26, 24, 7, 4.20%, 0, 2, 3, 687.02, 71415, 667
86, 0, 10, 30, 26, 5, 4.20%, 0, 2, 3, 801.10, 75677, 667
91, 0, 13, 30, 25, 4, 4.20%, 0, 2, 3, 45.99, 76991, 667
96, 0, 13, 30, 25, 4, 4.20%, 0, 2, 3, 45.72, 77221, 667
101, 0, 31, 33, 26, 5, 4.33%, 0, 2, 4, 832.22, 79892, 689
106, 0, 36, 38, 29, 6, 4.64%, 0, 2, 6, 802.71, 84021, 737
111, 0, 38, 40, 28, 6, 4.64%, 0, 2, 6, 45.34, 87650, 738
117, 0, 38, 40, 28, 6, 4.64%, 0, 2, 6, 45.55, 87879, 738
122, 0, 40, 41, 28, 6, 4.70%, 0, 2, 7, 842.61, 88766, 747
127, 0, 40, 41, 28, 6, 4.70%, 0, 2, 7, 45.56, 89356, 747
132, 0, 40, 41, 28, 6, 4.70%, 0, 2, 7, 45.63, 89585, 747
137, 0, 35, 41, 27, 5, 4.70%, 0, 2, 7, 651.09, 91330, 747
142, 0, 12, 43, 26, 3, 4.72%, 0, 2, 8, 530.07, 94938, 750
147, 0, 9, 44, 26, 2, 4.72%, 0, 3, 8, 500.57, 96893, 750
152, 0, 14, 44, 25, 1, 4.72%, 0, 3, 8, 293.02, 98018, 750
157, 0, 38, 48, 28, 0, 4.72%, 0, 3, 8, 658.85, 101219, 750
163, 0, 39, 48, 28, 0, 4.72%, 0, 5, 8, 54.81, 103681, 750
168, 0, 31, 51, 30, 0, 4.72%, 0, 5, 8, 670.28, 107213, 751
173, 0, 31, 52, 31, 0, 4.72%, 0, 8, 8, 938.49, 108800, 751
178, 0, 40, 52, 31, 0, 4.72%, 0, 8, 8, 605.53, 111416, 751
183, 0, 2, 52, 30, 0, 4.72%, 0, 8, 8, 813.21, 115732, 751
189, 0, 12, 52, 29, 0, 4.72%, 0, 8, 8, 751.66, 118794, 751
194, 1, 50, 52, 29, 0, 4.72%, 0, 8, 8, 774.55, 122365, 751
199, 1, 51, 52, 27, 0, 4.72%, 0, 9, 8, 749.07, 125016, 751
204, 1, 32, 53, 27, 0, 4.73%, 0, 11, 8, 886.66, 126887, 752
209, 1, 49, 53, 26, 0, 4.73%, 0, 11, 8, 722.94, 130410, 752
214, 1, 39, 54, 26, 0, 4.73%, 0, 11, 8, 724.51, 134287, 752
219, 1, 19, 55, 26, 0, 4.73%, 0, 11, 8, 107.14, 138165, 752
224, 1, 9, 56, 26, 0, 4.73%, 0, 11, 8, 656.78, 140219, 752
229, 1, 7, 56, 26, 0, 4.73%, 0, 11, 8, 442.07, 142042, 752
235, 1, 43, 56, 25, 0, 4.73%, 0, 11, 8, 818.09, 142849, 752
240, 1, 50, 56, 24, 0, 4.73%, 0, 11, 8, 416.17, 144088, 752
245, 1, 51, 56, 24, 0, 4.73%, 0, 12, 8, 936.24, 146392, 752
250, 1, 6, 56, 24, 0, 4.73%, 0, 12, 8, 505.84, 148081, 752
255, 1, 25, 56, 23, 0, 4.73%, 0, 12, 8, 509.00, 150837, 752
260, 1, 28, 56, 22, 0, 4.73%, 0, 12, 8, 834.22, 154097, 752
265, 1, 36, 56, 21, 0, 4.73%, 0, 12, 8, 450.76, 157464, 752
271, 1, 50, 56, 20, 0, 4.73%, 0, 13, 8, 91.66, 159827, 752
276, 2, 33, 57, 20, 0, 4.73%, 0, 13, 8, 729.72, 163042, 752
281, 2, 33, 57, 18, 0, 4.73%, 0, 13, 8, 753.49, 167001, 752
286, 2, 9, 57, 18, 0, 4.73%, 0, 14, 8, 80.56, 169937, 752
291, 2, 51, 57, 17, 0, 4.73%, 0, 14, 8, 672.56, 172877, 752
296, 2, 55, 57, 17, 0, 4.73%, 0, 14, 8, 45.54, 175187, 752
301, 2, 55, 57, 17, 0, 4.73%, 0, 14, 8, 45.51, 175466, 752
306, 2, 50, 57, 16, 0, 4.73%, 0, 14, 8, 734.21, 177865, 752
311, 2, 48, 58, 17, 0, 4.73%, 0, 14, 8, 920.30, 181198, 752
316, 2, 54, 60, 18, 0, 4.73%, 0, 14, 8, 641.48, 185313, 752
321, 2, 33, 60, 16, 0, 4.73%, 0, 14, 8, 607.64, 188519, 752
327, 2, 33, 60, 16, 0, 4.73%, 0, 14, 8, 654.08, 191848, 752
332, 2, 44, 60, 16, 0, 4.73%, 0, 14, 8, 545.08, 194545, 752
337, 2, 8, 60, 15, 0, 4.73%, 0, 14, 8, 623.26, 195982, 752
342, 2, 54, 60, 12, 0, 4.73%, 0, 14, 8, 761.50, 200066, 752
347, 2, 38, 60, 11, 0, 4.73%, 0, 14, 8, 54.73, 203547, 752
352, 2, 20, 60, 11, 0, 4.73%, 0, 14, 8, 684.20, 206830, 752
357, 2, 20, 60, 11, 0, 4.73%, 0, 14, 8, 45.08, 207760, 752
362, 3, 29, 60, 10, 0, 4.73%, 0, 14, 8, 623.28, 210042, 752
367, 3, 14, 60, 8, 0, 4.73%, 0, 14, 8, 774.41, 214255, 752
372, 3, 49, 60, 8, 0, 4.73%, 0, 14, 8, 663.29, 217588, 752
377, 3, 21, 60, 8, 0, 4.73%, 0, 14, 8, 545.67, 219886, 752
383, 3, 59, 60, 7, 0, 4.73%, 0, 14, 8, 45.25, 222566, 752
388, 3, 59, 60, 7, 0, 4.73%, 0, 14, 8, 49.39, 222826, 752
393, 3, 59, 60, 7, 0, 4.73%, 0, 14, 8, 45.80, 223115, 752
398, 3, 59, 60, 7, 0, 4.73%, 0, 14, 8, 45.64, 223345, 752
403, 3, 59, 60, 7, 0, 4.73%, 0, 15, 8, 815.41, 224274, 752
408, 3, 45, 60, 6, 0, 4.73%, 0, 15, 8, 802.78, 228279, 752
413, 3, 50, 60, 5, 0, 4.73%, 0, 15, 8, 666.75, 230806, 752
418, 3, 52, 60, 5, 0, 4.73%, 0, 15, 8, 683.84, 234451, 752
423, 3, 49, 60, 5, 0, 4.73%, 0, 15, 8, 517.64, 237640, 752
429, 3, 42, 60, 5, 0, 4.73%, 0, 16, 8, 81.39, 241189, 752
434, 3, 55, 60, 4, 0, 4.73%, 0, 16, 8, 45.63, 243985, 752
439, 4, 49, 61, 5, 0, 4.73%, 0, 16, 8, 722.62, 247137, 752
444, 4, 54, 61, 4, 0, 4.73%, 0, 16, 8, 845.27, 250255, 752
449, 4, 39, 61, 4, 0, 4.73%, 0, 16, 8, 656.03, 253180, 752
454, 4, 50, 61, 4, 0, 4.73%, 0, 16, 8, 643.66, 256509, 752
459, 4, 11, 61, 4, 0, 4.73%, 0, 16, 8, 416.50, 258632, 752
464, 4, 49, 61, 3, 0, 4.73%, 0, 16, 8, 562.57, 261343, 752
470, 4, 39, 61, 3, 0, 4.73%, 0, 16, 8, 556.08, 263928, 752
475, 4, 38, 61, 3, 0, 4.73%, 0, 16, 8, 692.89, 267690, 752
480, 4, 60, 61, 3, 0, 4.73%, 0, 16, 8, 57.45, 268483, 752
485, 4, 60, 61, 3, 0, 4.73%, 0, 16, 8, 44.54, 268779, 752
490, 4, 60, 61, 3, 0, 4.73%, 0, 16, 8, 45.30, 269008, 752
495, 4, 60, 61, 3, 0, 4.73%, 0, 16, 8, 878.50, 269768, 752
500, 4, 49, 61, 2, 0, 4.73%, 0, 16, 8, 623.15, 273105, 752
505, 4, 3, 61, 2, 0, 4.73%, 0, 16, 8, 641.93, 275877, 752
511, 5, 38, 61, 2, 0, 4.73%, 0, 16, 8, 621.64, 279087, 752
516, 5, 35, 61, 2, 0, 4.73%, 0, 16, 8, 699.82, 282213, 752
521, 5, 55, 62, 3, 0, 4.73%, 0, 16, 9, 239.95, 284200, 752
526, 5, 28, 62, 3, 0, 4.73%, 0, 16, 9, 366.53, 286045, 752
531, 5, 57, 62, 3, 0, 4.73%, 0, 16, 9, 670.05, 289152, 752
536, 5, 46, 62, 2, 0, 4.73%, 0, 16, 9, 101.41, 291574, 752
541, 5, 39, 62, 2, 0, 4.73%, 0, 16, 9, 154.85, 294025, 752
546, 5, 49, 62, 2, 0, 4.73%, 0, 16, 9, 530.70, 296932, 752
552, 5, 14, 62, 2, 0, 4.73%, 0, 16, 9, 604.70, 300289, 752
557, 5, 36, 62, 2, 0, 4.73%, 0, 16, 9, 780.60, 303289, 752
562, 5, 33, 62, 2, 0, 4.73%, 0, 17, 9, 714.32, 306050, 752
567, 6, 33, 62, 2, 0, 4.73%, 0, 17, 9, 682.54, 309444, 752
572, 6, 35, 62, 2, 0, 4.73%, 0, 17, 9, 736.10, 312575, 752
577, 6, 38, 62, 2, 0, 4.73%, 0, 17, 9, 705.90, 315884, 752
582, 6, 56, 62, 2, 0, 4.73%, 0, 17, 9, 738.63, 319384, 752
587, 6, 54, 62, 2, 0, 4.73%, 0, 17, 9, 663.56, 322646, 752
592, 6, 61, 62, 2, 0, 4.73%, 0, 17, 9, 45.43, 324306, 752
597, 6, 61, 62, 2, 0, 4.73%, 0, 17, 9, 47.04, 324555, 752
603, 6, 61, 62, 2, 0, 4.73%, 0, 17, 9, 45.54, 324826, 752
608, 6, 61, 62, 2, 0, 4.73%, 0, 17, 9, 45.59, 325062, 752
613, 6, 39, 63, 2, 0, 4.73%, 0, 17, 10, 560.94, 328064, 752
618, 6, 14, 63, 2, 0, 4.73%, 0, 17, 10, 618.62, 331356, 752
623, 6, 39, 63, 2, 0, 4.73%, 0, 17, 10, 565.75, 334769, 752
628, 6, 36, 63, 2, 0, 4.73%, 0, 17, 10, 704.16, 337269, 752
633, 7, 35, 63, 2, 0, 4.73%, 0, 17, 10, 664.37, 340437, 752
638, 7, 12, 63, 2, 0, 4.73%, 0, 18, 10, 97.03, 342709, 752
643, 7, 54, 63, 2, 0, 4.73%, 0, 18, 10, 732.47, 346348, 752
649, 7, 41, 63, 2, 0, 4.73%, 0, 18, 10, 592.59, 349107, 752
654, 7, 52, 63, 2, 0, 4.73%, 0, 18, 10, 645.49, 352338, 752
659, 7, 38, 63, 2, 0, 4.73%, 0, 18, 10, 624.44, 354962, 752
664, 7, 46, 63, 2, 0, 4.73%, 0, 18, 10, 688.08, 358544, 752
669, 7, 12, 63, 2, 0, 4.73%, 0, 18, 10, 641.11, 361649, 752
674, 7, 35, 63, 2, 0, 4.73%, 0, 19, 10, 671.21, 364468, 752
679, 7, 55, 63, 2, 0, 4.73%, 0, 19, 10, 697.27, 368083, 752
684, 8, 63, 64, 3, 1, 4.74%, 0, 19, 10, 45.66, 371092, 753
689, 8, 36, 64, 2, 0, 4.74%, 0, 19, 10, 670.79, 374801, 753
694, 8, 63, 65, 3, 0, 4.74%, 0, 19, 10, 704.29, 378329, 754
699, 8, 46, 66, 3, 0, 4.74%, 0, 19, 10, 717.08, 381612, 754
705, 8, 50, 67, 4, 0, 4.74%, 0, 19, 10, 568.80, 384662, 754
710, 8, 66, 68, 5, 0, 4.74%, 0, 19, 10, 500.19, 386873, 754
715, 8, 66, 68, 5, 0, 4.74%, 0, 19, 10, 455.83, 389138, 754
720, 8, 54, 68, 4, 0, 4.74%, 0, 19, 10, 615.87, 392385, 754
725, 8, 62, 68, 4, 0, 4.74%, 0, 19, 10, 51.33, 393311, 754
730, 8, 62, 68, 4, 0, 4.74%, 0, 19, 10, 45.48, 393593, 754
735, 8, 62, 68, 4, 0, 4.74%, 0, 19, 10, 45.51, 393821, 754
740, 8, 62, 68, 4, 0, 4.74%, 0, 19, 10, 714.79, 394487, 754
745, 8, 65, 68, 3, 0, 4.74%, 0, 19, 10, 45.87, 396796, 754
750, 8, 35, 68, 2, 0, 4.74%, 0, 19, 10, 696.14, 400296, 754
756, 8, 33, 68, 2, 0, 4.74%, 0, 19, 10, 833.58, 403591, 754
761, 8, 39, 68, 2, 0, 4.74%, 0, 19, 10, 713.10, 406830, 754
766, 8, 38, 69, 3, 0, 4.74%, 0, 19, 10, 622.94, 410017, 754
771, 8, 68, 69, 3, 0, 4.74%, 0, 19, 10, 45.28, 413256, 754
776, 8, 68, 69, 3, 0, 4.74%, 0, 19, 10, 44.99, 414491, 754
781, 8, 68, 73, 7, 0, 4.76%, 0, 19, 10, 493.35, 416959, 756
786, 8, 68, 73, 7, 0, 4.76%, 0, 19, 10, 527.56, 419745, 756
791, 8, 68, 73, 7, 0, 4.76%, 0, 19, 10, 570.34, 422771, 756
796, 8, 68, 74, 8, 0, 4.76%, 0, 19, 10, 585.61, 425836, 756
801, 8, 71, 74, 7, 2, 4.76%, 0, 19, 10, 665.03, 429136, 756
807, 8, 75, 76, 7, 2, 4.79%, 0, 19, 10, 699.62, 432591, 762
812, 8, 72, 76, 6, 1, 4.79%, 0, 19, 10, 45.47, 434695, 762
817, 8, 39, 78, 7, 0, 4.79%, 0, 19, 10, 705.09, 437567, 762
822, 8, 72, 78, 7, 0, 4.79%, 0, 19, 10, 509.82, 439998, 762
827, 8, 38, 78, 7, 0, 4.79%, 0, 19, 10, 651.59, 443388, 762
832, 8, 69, 78, 7, 0, 4.79%, 0, 19, 10, 582.01, 446351, 762
837, 8, 73, 78, 6, 0, 4.79%, 0, 19, 10, 626.74, 449118, 762
842, 8, 74, 78, 5, 0, 4.79%, 0, 20, 10, 339.56, 451525, 762
847, 9, 76, 78, 5, 0, 4.79%, 0, 20, 10, 583.61, 454828, 762
852, 9, 67, 78, 4, 0, 4.79%, 0, 20, 10, 750.26, 458708, 762
858, 9, 70, 78, 3, 0, 4.79%, 0, 20, 10, 625.94, 461984, 762
863, 9, 72, 78, 2, 0, 4.79%, 0, 20, 10, 582.59, 464929, 762
868, 9, 39, 78, 2, 0, 4.79%, 0, 20, 10, 644.26, 467653, 762
873, 9, 75, 78, 2, 0, 4.79%, 0, 20, 10, 848.70, 470688, 762
878, 9, 50, 78, 2, 0, 4.79%, 0, 20, 10, 638.96, 473526, 762
883, 9, 30, 78, 1, 0, 4.79%, 0, 20, 10, 648.72, 476888, 762
888, 9, 36, 78, 1, 0, 4.79%, 0, 20, 10, 684.39, 480343, 762
893, 9, 49, 78, 1, 0, 4.79%, 0, 20, 10, 808.78, 483270, 762
898, 9, 63, 78, 1, 0, 4.79%, 0, 20, 10, 184.38, 485765, 762
903, 9, 64, 78, 1, 0, 4.79%, 0, 20, 10, 460.90, 488041, 762
908, 9, 49, 78, 1, 0, 4.79%, 0, 20, 10, 630.91, 491404, 762
913, 9, 33, 78, 1, 0, 4.79%, 0, 20, 10, 547.15, 494092, 762
919, 9, 55, 78, 1, 0, 4.79%, 0, 20, 10, 649.08, 497298, 762
924, 9, 63, 78, 1, 0, 4.79%, 0, 20, 10, 632.45, 500140, 762
929, 9, 36, 78, 1, 0, 4.79%, 0, 20, 10, 606.97, 502863, 762
935, 10, 75, 78, 1, 0, 4.79%, 0, 21, 10, 30.06, 505774, 762
940, 10, 33, 78, 1, 0, 4.79%, 0, 21, 10, 45.45, 508339, 762
945, 10, 39, 78, 1, 0, 4.79%, 0, 21, 10, 548.15, 511282, 762
950, 10, 49, 78, 1, 0, 4.79%, 0, 21, 10, 594.55, 514069, 762
955, 10, 74, 78, 1, 0, 4.79%, 0, 21, 10, 477.59, 516299, 762
960, 10, 41, 78, 1, 0, 4.79%, 0, 21, 10, 511.31, 518809, 762
965, 10, 54, 78, 1, 0, 4.79%, 0, 21, 10, 475.62, 521161, 762
970, 10, 74, 78, 1, 0, 4.79%, 0, 21, 10, 91.95, 523591, 762
975, 10, 49, 78, 1, 0, 4.79%, 0, 21, 10, 531.52, 526092, 762
980, 10, 72, 78, 1, 0, 4.79%, 0, 21, 10, 598.57, 529229, 762
986, 10, 12, 78, 1, 0, 4.79%, 0, 21, 10, 558.16, 532038, 762
991, 10, 41, 78, 1, 0, 4.79%, 0, 21, 10, 662.73, 535460, 762
996, 10, 75, 78, 1, 0, 4.79%, 0, 21, 10, 569.48, 538257, 762
1001, 10, 39, 78, 1, 0, 4.79%, 0, 21, 10, 720.00, 540844, 762
1006, 10, 38, 78, 1, 0, 4.79%, 0, 21, 10, 378.30, 544073, 762
1011, 10, 71, 78, 1, 0, 4.79%, 0, 21, 10, 488.24, 546840, 762
1016, 10, 75, 78, 1, 0, 4.79%, 0, 21, 10, 363.61, 548921, 762
1021, 11, 33, 78, 1, 0, 4.79%, 0, 21, 10, 614.02, 552335, 762
1026, 11, 75, 78, 1, 0, 4.79%, 0, 21, 10, 677.21, 555735, 762
1031, 11, 14, 78, 1, 0, 4.79%, 0, 21, 10, 708.06, 558474, 762
1037, 11, 49, 78, 1, 0, 4.79%, 0, 21, 10, 713.62, 560747, 762
1042, 11, 47, 78, 1, 0, 4.79%, 0, 21, 10, 645.38, 563422, 762
1047, 11, 39, 78, 1, 0, 4.79%, 0, 21, 10, 586.30, 566152, 762
1052, 11, 63, 78, 1, 0, 4.79%, 0, 21, 10, 593.72, 569163, 762
1057, 11, 54, 78, 1, 0, 4.79%, 0, 21, 10, 562.28, 571993, 762
1062, 11, 63, 78, 1, 0, 4.79%, 1, 21, 10, 560.74, 574746, 762
1067, 11, 35, 78, 1, 0, 4.79%, 1, 21, 10, 429.34, 577207, 762
1072, 11, 21, 78, 1, 0, 4.79%, 1, 21, 10, 512.88, 579943, 762
1078, 11, 71, 78, 1, 0, 4.79%, 1, 21, 10, 518.17, 582711, 762
1083, 11, 55, 78, 1, 0, 4.79%, 1, 21, 10, 517.27, 585308, 762
1088, 11, 63, 78, 1, 0, 4.79%, 1, 21, 10, 586.59, 588028, 762
1093, 11, 71, 78, 1, 0, 4.79%, 1, 21, 10, 480.53, 590399, 762
1098, 12, 39, 78, 1, 0, 4.79%, 1, 21, 10, 478.77, 592878, 762
1103, 12, 49, 78, 1, 0, 4.79%, 1, 21, 10, 805.89, 595679, 762
1108, 12, 77, 78, 1, 0, 4.79%, 1, 21, 10, 45.34, 597846, 762
1113, 12, 36, 78, 0, 0, 4.79%, 1, 21, 10, 526.74, 600299, 762
1118, 12, 38, 78, 0, 0, 4.79%, 1, 21, 10, 598.93, 603449, 762
1124, 12, 72, 78, 0, 0, 4.79%, 1, 21, 10, 488.53, 605592, 762
1129, 12, 28, 78, 0, 0, 4.79%, 1, 21, 10, 465.65, 607989, 762
1134, 12, 30, 78, 0, 0, 4.79%, 1, 21, 10, 564.94, 610952, 762
1139, 12, 39, 78, 0, 0, 4.79%, 1, 21, 10, 597.49, 613469, 762
1144, 12, 74, 78, 0, 0, 4.79%, 1, 21, 10, 574.18, 616311, 762
1149, 12, 38, 78, 0, 0, 4.79%, 1, 21, 10, 533.98, 618749, 762
1154, 12, 71, 78, 0, 0, 4.79%, 1, 21, 10, 593.99, 621845, 762
1159, 12, 63, 81, 3, 0, 4.79%, 1, 21, 10, 593.80, 624661, 762
1164, 12, 72, 81, 3, 0, 4.79%, 1, 21, 10, 435.07, 627470, 762
1169, 12, 79, 81, 3, 0, 4.79%, 1, 21, 10, 594.08, 630400, 762
1174, 12, 79, 81, 3, 0, 4.79%, 1, 21, 10, 92.45, 632448, 762
1180, 12, 69, 81, 2, 0, 4.79%, 1, 21, 10, 728.53, 634203, 762
1185, 12, 75, 81, 2, 0, 4.79%, 1, 21, 10, 431.25, 636521, 762
1190, 12, 9, 81, 2, 0, 4.79%, 1, 21, 10, 49.55, 638283, 762
1195, 13, 38, 81, 2, 0, 4.79%, 1, 21, 10, 521.97, 641227, 762
1200, 13, 74, 81, 2, 0, 4.79%, 1, 21, 10, 498.48, 643344, 762
1205, 13, 75, 81, 2, 0, 4.79%, 1, 21, 10, 663.50, 645799, 762
1210, 13, 78, 81, 2, 0, 4.79%, 1, 21, 10, 587.49, 648404, 762
1215, 13, 78, 82, 3, 0, 4.79%, 1, 21, 10, 664.79, 651906, 762
1220, 13, 38, 82, 2, 0, 4.79%, 1, 21, 10, 563.80, 654853, 762
1226, 13, 12, 82, 2, 0, 4.79%, 1, 21, 10, 738.58, 657359, 762
1230, 13, 33, 82, 2, 0, 4.79%, 1, 21, 10, 577.56, 659717, 762
1291, 15, 66, 82, 0, 0, 4.79%, 1, 21, 10, 543.92, 692062, 762
1296, 15, 63, 82, 0, 0, 4.79%, 1, 21, 10, 544.48, 694574, 762
1301, 16, 11, 82, 0, 0, 4.79%, 1, 21, 10, 627.91, 697754, 762
1306, 16, 77, 82, 0, 0, 4.79%, 1, 21, 10, 595.06, 700723, 762
1311, 16, 18, 82, 0, 0, 4.79%, 1, 21, 10, 659.44, 704107, 762
1316, 16, 66, 82, 0, 0, 4.79%, 1, 21, 10, 137.10, 706780, 762
1321, 16, 32, 82, 0, 0, 4.79%, 1, 21, 10, 387.34, 709113, 762
1327, 16, 66, 82, 0, 0, 4.79%, 1, 21, 10, 435.45, 711766, 762
1332, 17, 19, 82, 0, 0, 4.79%, 1, 21, 10, 492.17, 714365, 762
1337, 17, 47, 82, 0, 0, 4.79%, 1, 21, 10, 451.43, 716783, 762
1342, 17, 52, 82, 0, 0, 4.79%, 1, 21, 10, 490.37, 719259, 762
1347, 17, 39, 82, 0, 0, 4.79%, 1, 21, 10, 46.08, 721716, 762
1352, 17, 66, 82, 0, 0, 4.79%, 1, 21, 10, 353.53, 724024, 762
1357, 17, 34, 82, 0, 0, 4.79%, 1, 21, 10, 115.59, 726604, 762
1362, 18, 66, 82, 0, 0, 4.79%, 1, 21, 10, 510.46, 729618, 762
1368, 18, 66, 82, 0, 0, 4.79%, 1, 21, 10, 476.08, 731939, 762
1373, 18, 42, 82, 0, 0, 4.79%, 1, 21, 10, 674.63, 734709, 762
1378, 18, 39, 82, 0, 0, 4.79%, 1, 21, 10, 604.75, 737544, 762
1383, 18, 82, 83, 1, 1, 4.79%, 1, 21, 10, 45.60, 738244, 762
1388, 18, 82, 83, 1, 1, 4.79%, 1, 21, 10, 45.85, 738700, 762
1393, 18, 82, 83, 1, 1, 4.79%, 1, 21, 10, 264.39, 739139, 762
1398, 18, 82, 84, 1, 0, 4.79%, 1, 21, 10, 281.56, 740663, 762
1403, 18, 82, 85, 2, 0, 4.80%, 1, 21, 10, 281.67, 742125, 763
1409, 18, 82, 87, 4, 0, 4.80%, 1, 21, 10, 288.62, 743574, 763
1414, 18, 82, 87, 4, 0, 4.80%, 1, 22, 10, 291.61, 744740, 763
1419, 18, 82, 87, 4, 0, 4.80%, 1, 22, 10, 285.84, 746200, 763
1424, 18, 82, 87, 4, 0, 4.80%, 1, 22, 10, 270.86, 747520, 763
1429, 18, 82, 87, 4, 0, 4.80%, 1, 22, 10, 266.87, 748855, 763
1434, 18, 82, 87, 4, 0, 4.80%, 1, 22, 10, 249.86, 750078, 763
1439, 18, 82, 87, 4, 0, 4.80%, 1, 22, 10, 230.45, 751106, 763
1444, 18, 86, 87, 4, 2, 4.80%, 1, 22, 10, 82.98, 751924, 763
1449, 18, 86, 87, 4, 2, 4.80%, 1, 22, 10, 769.30, 752488, 763
1454, 18, 86, 87, 4, 2, 4.80%, 1, 22, 10, 45.78, 752760, 763
1459, 18, 84, 87, 3, 1, 4.80%, 1, 22, 10, 45.45, 753447, 763
1464, 18, 84, 87, 3, 1, 4.80%, 1, 22, 10, 45.03, 753897, 763
1470, 18, 84, 87, 3, 1, 4.80%, 1, 22, 10, 65.81, 754197, 763
1475, 18, 85, 87, 2, 0, 4.80%, 1, 22, 10, 85.41, 754846, 763
1480, 18, 85, 87, 2, 0, 4.80%, 1, 22, 10, 45.58, 755303, 763
1485, 18, 85, 87, 2, 0, 4.80%, 1, 22, 10, 102.56, 755803, 763
1490, 18, 85, 87, 2, 0, 4.80%, 1, 22, 10, 133.29, 756531, 763
1495, 18, 85, 87, 2, 0, 4.80%, 1, 22, 10, 58.30, 758169, 763
1500, 18, 82, 87, 1, 0, 4.80%, 1, 22, 10, 387.75, 759249, 763
1505, 18, 82, 87, 1, 0, 4.80%, 1, 22, 10, 257.31, 760241, 763
1510, 18, 82, 87, 1, 0, 4.80%, 1, 22, 10, 52.95, 761810, 763
1516, 18, 66, 87, 1, 0, 4.80%, 1, 22, 10, 494.45, 764283, 763
1521, 18, 83, 87, 1, 0, 4.80%, 1, 22, 10, 83.21, 765415, 763
1526, 18, 83, 87, 1, 0, 4.80%, 1, 22, 10, 501.50, 766216, 763
1531, 18, 83, 87, 1, 0, 4.80%, 1, 22, 10, 575.53, 768880, 763
1536, 18, 82, 87, 0, 0, 4.80%, 1, 22, 10, 122.01, 770056, 763
1541, 18, 82, 87, 0, 0, 4.80%, 1, 22, 10, 777.00, 771401, 763
1546, 18, 82, 87, 0, 0, 4.80%, 1, 22, 10, 70.90, 772600, 763
1552, 18, 84, 87, 0, 0, 4.80%, 1, 22, 10, 106.53, 773492, 763
1557, 18, 84, 87, 0, 0, 4.80%, 1, 22, 10, 138.02, 774214, 763
1562, 18, 84, 87, 0, 0, 4.80%, 1, 22, 10, 736.86, 774971, 763
1567, 18, 84, 87, 0, 0, 4.80%, 1, 22, 10, 70.10, 775482, 763
1572, 18, 66, 87, 0, 0, 4.80%, 1, 22, 10, 619.66, 777478, 763
1577, 18, 84, 87, 0, 0, 4.80%, 1, 22, 10, 293.40, 778558, 763
1582, 18, 84, 87, 0, 0, 4.80%, 1, 22, 10, 58.38, 780132, 763
1587, 18, 86, 87, 0, 0, 4.80%, 1, 22, 10, 446.36, 781663, 763
1593, 18, 86, 87, 0, 0, 4.80%, 1, 22, 10, 325.67, 783022, 763
1598, 18, 82, 87, 0, 0, 4.80%, 1, 22, 10, 327.84, 784882, 763
1603, 18, 82, 87, 0, 0, 4.80%, 1, 22, 10, 190.06, 785629, 763
1608, 18, 82, 87, 0, 0, 4.80%, 1, 22, 10, 527.36, 786934, 763
1613, 18, 84, 87, 0, 0, 4.80%, 1, 22, 10, 360.61, 788679, 763
1618, 18, 84, 87, 0, 0, 4.80%, 1, 22, 10, 207.12, 789570, 763
1623, 18, 84, 87, 0, 0, 4.80%, 1, 22, 10, 225.06, 790734, 763
1628, 18, 66, 87, 0, 0, 4.80%, 1, 22, 10, 461.79, 793558, 763
1633, 18, 85, 87, 0, 0, 4.80%, 1, 22, 10, 274.05, 794749, 763
1638, 18, 85, 87, 0, 0, 4.80%, 1, 22, 10, 54.68, 796192, 763
1643, 18, 66, 87, 0, 0, 4.80%, 1, 22, 10, 600.31, 798424, 763
1649, 18, 82, 87, 0, 0, 4.80%, 1, 22, 10, 376.32, 800188, 763
1654, 18, 66, 87, 0, 0, 4.80%, 1, 22, 10, 529.83, 802929, 763
1659, 18, 84, 87, 0, 0, 4.80%, 1, 22, 10, 359.33, 804604, 763
1664, 18, 84, 87, 0, 0, 4.80%, 1, 22, 10, 207.17, 805414, 763
1669, 18, 84, 88, 1, 0, 4.80%, 1, 22, 11, 259.21, 806883, 763
1674, 18, 66, 88, 1, 0, 4.80%, 1, 22, 11, 441.38, 809253, 763
1679, 18, 82, 88, 1, 0, 4.80%, 1, 22, 11, 389.51, 811435, 763
1684, 18, 82, 88, 1, 0, 4.80%, 1, 22, 11, 79.08, 812524, 763
1689, 18, 82, 88, 1, 0, 4.80%, 1, 22, 11, 197.28, 813714, 763
1694, 19, 84, 88, 1, 0, 4.80%, 1, 22, 11, 321.36, 815221, 763
1699, 19, 84, 88, 1, 0, 4.80%, 1, 22, 11, 182.98, 815932, 763
1705, 19, 84, 88, 1, 0, 4.80%, 1, 22, 11, 142.50, 816641, 763
1710, 19, 87, 88, 1, 0, 4.80%, 1, 22, 11, 346.21, 818665, 763
1715, 19, 87, 88, 1, 0, 4.80%, 1, 22, 11, 45.47, 819403, 763
1720, 19, 87, 88, 1, 0, 4.80%, 1, 22, 11, 216.06, 820526, 763
1725, 19, 87, 88, 1, 0, 4.80%, 1, 22, 11, 55.74, 822162, 763
1730, 19, 84, 88, 0, 0, 4.80%, 1, 22, 11, 415.89, 824277, 763
1735, 19, 66, 88, 0, 0, 4.80%, 1, 22, 11, 332.56, 826239, 763
1740, 19, 65, 88, 0, 0, 4.80%, 1, 22, 11, 47.12, 828531, 763
1745, 19, 86, 88, 0, 0, 4.80%, 1, 22, 11, 57.32, 829963, 763
1750, 19, 82, 88, 0, 0, 4.80%, 1, 22, 11, 365.33, 831424, 763
1755, 19, 84, 88, 0, 0, 4.80%, 1, 22, 11, 61.55, 832865, 763
1760, 19, 60, 88, 0, 0, 4.80%, 1, 22, 11, 441.88, 835109, 763
1765, 19, 78, 88, 0, 0, 4.80%, 1, 22, 11, 554.01, 838021, 763
1771, 19, 82, 88, 0, 0, 4.80%, 1, 22, 11, 427.92, 839611, 763
1776, 19, 86, 88, 0, 0, 4.80%, 1, 22, 11, 629.27, 840882, 763
1781, 19, 86, 88, 0, 0, 4.80%, 1, 22, 11, 390.15, 841750, 763
1786, 19, 86, 88, 0, 0, 4.80%, 1, 22, 11, 76.06, 843020, 763
1791, 19, 84, 88, 0, 0, 4.80%, 1, 22, 11, 48.53, 844507, 763
1796, 19, 86, 88, 0, 0, 4.80%, 1, 22, 11, 362.71, 845876, 763
1801, 19, 86, 88, 0, 0, 4.80%, 1, 22, 11, 58.78, 847105, 763
1806, 19, 82, 88, 0, 0, 4.80%, 1, 22, 11, 675.51, 849172, 763
1811, 19, 82, 88, 0, 0, 4.80%, 1, 22, 11, 77.29, 849934, 763
1816, 19, 82, 88, 0, 0, 4.80%, 1, 22, 11, 333.58, 850905, 763
1821, 19, 82, 88, 0, 0, 4.80%, 1, 22, 11, 57.23, 851891, 763
1827, 19, 86, 88, 0, 0, 4.80%, 1, 22, 11, 357.34, 853155, 763
1832, 19, 32, 88, 0, 0, 4.80%, 1, 22, 11, 253.49, 854198, 763
1837, 19, 86, 88, 0, 0, 4.80%, 1, 22, 11, 263.79, 855742, 763
1842, 19, 86, 88, 0, 0, 4.80%, 1, 22, 11, 367.33, 857488, 763
1847, 19, 86, 88, 0, 0, 4.80%, 1, 22, 11, 271.45, 858531, 763
1852, 19, 86, 88, 0, 0, 4.80%, 1, 22, 11, 265.19, 860088, 763
1857, 19, 33, 88, 0, 0, 4.80%, 1, 22, 11, 805.00, 861096, 763
1862, 19, 66, 88, 0, 0, 4.80%, 1, 22, 11, 609.22, 863769, 763
1867, 19, 86, 88, 0, 0, 4.80%, 1, 22, 11, 126.10, 864684, 763
1872, 19, 73, 88, 0, 0, 4.80%, 1, 22, 11, 462.86, 866067, 763
1878, 19, 84, 88, 0, 0, 4.80%, 1, 22, 11, 273.71, 867164, 763
1883, 19, 84, 88, 0, 0, 4.80%, 1, 22, 11, 357.97, 868771, 763
1888, 19, 84, 88, 0, 0, 4.80%, 1, 22, 11, 217.82, 869667, 763
1893, 19, 66, 88, 0, 0, 4.80%, 1, 22, 11, 574.71, 871701, 763
1898, 19, 84, 88, 0, 0, 4.80%, 1, 22, 11, 132.24, 873166, 763
1903, 19, 66, 88, 0, 0, 4.80%, 1, 22, 11, 458.32, 875963, 763
1908, 19, 82, 88, 0, 0, 4.80%, 1, 22, 11, 343.46, 876946, 763
1913, 19, 84, 88, 0, 0, 4.80%, 1, 22, 11, 108.22, 878707, 763
1918, 19, 84, 88, 0, 0, 4.80%, 1, 22, 11, 186.01, 879757, 763
1923, 19, 82, 88, 0, 0, 4.80%, 1, 22, 11, 259.62, 881180, 763
1929, 19, 87, 88, 0, 0, 4.80%, 1, 22, 11, 208.47, 882027, 763
1934, 19, 87, 88, 0, 0, 4.80%, 1, 22, 11, 427.52, 884234, 763
1939, 19, 84, 88, 0, 0, 4.80%, 1, 22, 11, 387.10, 886170, 763
1944, 19, 4, 88, 0, 0, 4.80%, 1, 22, 11, 467.43, 887288, 763
1949, 19, 82, 88, 0, 0, 4.80%, 1, 22, 11, 365.03, 889137, 763
1954, 19, 84, 88, 0, 0, 4.80%, 1, 22, 11, 514.03, 890228, 763
1959, 19, 84, 88, 0, 0, 4.80%, 1, 22, 11, 315.41, 891243, 763
1964, 19, 82, 88, 0, 0, 4.80%, 1, 22, 11, 269.94, 892888, 763
1969, 19, 82, 88, 0, 0, 4.80%, 1, 22, 11, 291.01, 894413, 763
1974, 19, 82, 88, 0, 0, 4.80%, 1, 22, 11, 194.63, 895248, 763
1980, 19, 86, 88, 0, 0, 4.80%, 1, 22, 11, 280.16, 896728, 763
1985, 19, 82, 88, 0, 0, 4.80%, 1, 22, 11, 252.11, 897768, 763
1990, 19, 82, 88, 0, 0, 4.80%, 1, 22, 11, 425.12, 898963, 763
1995, 19, 86, 88, 0, 0, 4.80%, 1, 22, 11, 292.78, 900313, 763
2000, 19, 86, 88, 0, 0, 4.80%, 1, 22, 11, 513.26, 901993, 763
2005, 19, 86, 88, 0, 0, 4.80%, 1, 22, 11, 631.59, 903337, 763
2010, 19, 86, 88, 0, 0, 4.80%, 1, 22, 11, 442.36, 905134, 763
2015, 19, 86, 88, 0, 0, 4.80%, 1, 22, 11, 134.61, 905921, 763
2021, 19, 82, 88, 0, 0, 4.80%, 1, 22, 11, 511.56, 907278, 763
2026, 19, 82, 88, 0, 0, 4.80%, 1, 22, 11, 733.85, 908412, 763
2031, 19, 86, 88, 0, 0, 4.80%, 1, 22, 11, 483.30, 909968, 763
2036, 19, 61, 88, 0, 0, 4.80%, 1, 22, 11, 648.95, 911912, 763
2041, 19, 82, 88, 0, 0, 4.80%, 1, 22, 11, 348.03, 913169, 763
2046, 19, 86, 88, 0, 0, 4.80%, 1, 22, 11, 244.49, 914459, 763
2051, 19, 13, 88, 0, 0, 4.80%, 1, 22, 11, 413.05, 916658, 763
2056, 20, 86, 88, 0, 0, 4.80%, 1, 22, 11, 52.24, 918040, 763
2061, 20, 82, 88, 0, 0, 4.80%, 1, 22, 11, 352.13, 919273, 763
2067, 20, 82, 88, 0, 0, 4.80%, 1, 22, 11, 198.28, 920041, 763
2072, 20, 86, 88, 0, 0, 4.80%, 1, 22, 11, 577.69, 921606, 763
2077, 20, 86, 88, 0, 0, 4.80%, 1, 22, 11, 53.56, 922828, 763
2082, 20, 84, 88, 0, 0, 4.80%, 1, 22, 11, 478.45, 924311, 763
2087, 20, 84, 88, 0, 0, 4.80%, 1, 22, 11, 91.74, 925379, 763
2092, 20, 66, 88, 0, 0, 4.80%, 1, 22, 11, 517.15, 927091, 763
2097, 20, 84, 88, 0, 0, 4.80%, 1, 22, 11, 385.10, 928538, 763
2102, 20, 84, 88, 0, 0, 4.80%, 1, 22, 11, 78.06, 929226, 763
2107, 20, 84, 88, 0, 0, 4.80%, 1, 22, 11, 317.00, 930256, 763
2112, 20, 84, 88, 0, 0, 4.80%, 1, 22, 11, 62.60, 931111, 763
2117, 20, 84, 88, 0, 0, 4.80%, 1, 22, 11, 374.97, 933195, 763
2123, 20, 82, 88, 0, 0, 4.80%, 1, 22, 11, 248.26, 934451, 763
2128, 20, 86, 88, 0, 0, 4.80%, 1, 22, 11, 306.40, 936309, 763
2133, 20, 82, 88, 0, 0, 4.80%, 1, 22, 11, 630.90, 937438, 763
2138, 20, 82, 88, 0, 0, 4.80%, 1, 22, 11, 282.11, 938721, 763
2143, 20, 84, 88, 0, 0, 4.80%, 1, 22, 11, 388.16, 940645, 763
2148, 20, 84, 88, 0, 0, 4.80%, 1, 22, 11, 302.78, 941807, 763
2153, 20, 84, 88, 0, 0, 4.80%, 1, 22, 11, 358.38, 943439, 763
2158, 20, 84, 88, 0, 0, 4.80%, 1, 22, 11, 230.35, 944383, 763
2163, 20, 79, 88, 0, 0, 4.80%, 1, 22, 11, 536.84, 947062, 763
2168, 20, 60, 88, 0, 0, 4.80%, 1, 22, 11, 563.03, 950118, 763
2174, 20, 84, 88, 0, 0, 4.80%, 1, 22, 11, 128.37, 951620, 763
2179, 20, 56, 88, 0, 0, 4.80%, 1, 22, 11, 306.02, 953344, 763
2184, 20, 82, 88, 0, 0, 4.80%, 1, 22, 11, 132.16, 954180, 763
2189, 20, 86, 88, 0, 0, 4.80%, 1, 22, 11, 234.59, 955549, 763
2194, 20, 86, 88, 0, 0, 4.80%, 1, 22, 11, 162.52, 956385, 763
2199, 20, 86, 88, 0, 0, 4.80%, 1, 22, 11, 274.20, 957849, 763
2204, 20, 86, 89, 1, 0, 4.80%, 1, 22, 11, 218.40, 958900, 763
2209, 20, 47, 89, 0, 0, 4.80%, 1, 22, 11, 591.54, 961736, 763
2214, 20, 86, 89, 0, 0, 4.80%, 1, 22, 11, 361.00, 963202, 763
2219, 20, 82, 89, 0, 0, 4.80%, 1, 22, 11, 69.27, 964212, 763
2225, 20, 82, 89, 0, 0, 4.80%, 1, 22, 11, 479.69, 965824, 763
2230, 20, 66, 89, 0, 0, 4.80%, 1, 22, 11, 688.53, 967614, 763
2235, 20, 82, 89, 0, 0, 4.80%, 1, 22, 11, 525.71, 969767, 763
2240, 20, 82, 89, 0, 0, 4.80%, 1, 22, 11, 83.66, 971097, 763
2245, 20, 38, 89, 0, 0, 4.80%, 1, 22, 11, 90.53, 972864, 763
2250, 20, 84, 89, 0, 0, 4.80%, 1, 22, 11, 451.08, 975251, 763
2255, 20, 84, 89, 0, 0, 4.80%, 1, 22, 11, 313.68, 976421, 763
2260, 20, 86, 89, 0, 0, 4.80%, 1, 22, 11, 401.69, 977821, 763
2266, 20, 88, 89, 0, 0, 4.80%, 1, 22, 11, 721.39, 978775, 763
2271, 20, 73, 89, 0, 0, 4.80%, 1, 22, 11, 677.40, 982271, 763
2276, 20, 88, 89, 0, 0, 4.80%, 1, 22, 11, 608.96, 985186, 763
2281, 20, 88, 89, 0, 0, 4.80%, 1, 22, 11, 667.19, 988689, 763
2286, 20, 86, 89, 0, 0, 4.80%, 1, 22, 11, 485.16, 991083, 763
2291, 20, 81, 89, 0, 0, 4.80%, 1, 22, 11, 490.58, 992747, 763
2296, 20, 88, 89, 0, 0, 4.80%, 1, 22, 11, 686.90, 995762, 763
2301, 20, 74, 89, 0, 0, 4.80%, 1, 22, 11, 580.83, 998837, 763
2307, 20, 38, 89, 0, 0, 4.80%, 1, 22, 11, 86.28, 1001125, 763
2312, 20, 74, 89, 0, 0, 4.80%, 1, 22, 11, 546.32, 1003086, 763
2317, 20, 86, 89, 0, 0, 4.80%, 1, 22, 11, 279.81, 1004302, 763
2322, 20, 88, 89, 0, 0, 4.80%, 1, 22, 11, 584.40, 1007239, 763
2327, 20, 65, 89, 0, 0, 4.80%, 1, 22, 11, 590.38, 1010215, 763
2332, 20, 80, 89, 0, 0, 4.80%, 1, 22, 11, 277.91, 1011904, 763
2337, 21, 88, 89, 0, 0, 4.80%, 1, 22, 11, 504.03, 1014414, 763
2342, 21, 78, 89, 0, 0, 4.80%, 1, 22, 11, 805.18, 1017690, 763
2347, 21, 86, 89, 0, 0, 4.80%, 1, 22, 11, 92.59, 1019845, 763
2352, 21, 84, 89, 0, 0, 4.80%, 1, 22, 11, 65.00, 1021493, 763
2358, 21, 86, 89, 0, 0, 4.80%, 1, 22, 11, 562.17, 1023483, 763
2363, 21, 86, 89, 0, 0, 4.80%, 1, 22, 11, 327.41, 1024550, 763
2368, 21, 82, 89, 0, 0, 4.80%, 1, 22, 11, 291.53, 1026265, 763
2373, 21, 86, 89, 0, 0, 4.80%, 1, 22, 11, 310.20, 1028093, 763
2378, 21, 86, 89, 0, 0, 4.80%, 1, 22, 11, 227.12, 1029151, 763
2383, 21, 86, 89, 0, 0, 4.80%, 1, 22, 11, 248.46, 1030584, 763
2389, 21, 86, 89, 0, 0, 4.80%, 1, 22, 11, 102.90, 1031538, 763
2394, 21, 86, 89, 0, 0, 4.80%, 1, 22, 11, 154.88, 1032297, 763
2399, 21, 88, 89, 0, 0, 4.80%, 1, 22, 11, 320.08, 1033864, 763
2404, 21, 66, 89, 0, 0, 4.80%, 1, 22, 11, 556.74, 1037149, 763
2409, 21, 83, 89, 0, 0, 4.80%, 1, 22, 11, 493.00, 1039580, 763
2414, 21, 88, 89, 0, 0, 4.80%, 1, 22, 11, 695.50, 1043412, 763
2419, 21, 88, 89, 0, 0, 4.80%, 1, 22, 11, 608.24, 1046466, 763
2424, 21, 85, 89, 0, 0, 4.80%, 1, 22, 11, 136.30, 1048788, 763
2430, 21, 66, 89, 0, 0, 4.80%, 1, 22, 11, 255.65, 1050177, 763
2435, 21, 86, 89, 0, 0, 4.80%, 1, 22, 11, 315.02, 1051903, 763
2440, 21, 86, 89, 0, 0, 4.80%, 1, 22, 11, 236.92, 1053087, 763
2445, 21, 82, 89, 0, 0, 4.80%, 1, 22, 11, 360.38, 1054925, 763
2450, 21, 82, 89, 0, 0, 4.80%, 1, 22, 11, 290.14, 1056266, 763
2455, 21, 86, 89, 0, 0, 4.80%, 1, 22, 11, 271.44, 1057505, 763
2460, 21, 88, 89, 0, 0, 4.80%, 1, 22, 11, 299.25, 1058720, 763
2465, 21, 78, 89, 0, 0, 4.80%, 1, 22, 11, 621.14, 1062323, 763
2471, 21, 88, 89, 0, 0, 4.80%, 1, 22, 11, 54.15, 1064853, 763
2476, 21, 86, 89, 0, 0, 4.80%, 1, 22, 11, 640.26, 1066398, 763
2481, 21, 86, 89, 0, 0, 4.80%, 1, 22, 11, 103.63, 1067199, 763
2486, 21, 87, 89, 0, 0, 4.80%, 1, 22, 11, 295.13, 1069036, 763
2491, 21, 87, 89, 0, 0, 4.80%, 1, 22, 11, 328.53, 1070530, 763
2496, 21, 82, 89, 0, 0, 4.80%, 1, 22, 11, 443.15, 1071583, 763
2501, 21, 77, 89, 0, 0, 4.80%, 1, 22, 11, 526.63, 1073280, 763
2507, 21, 86, 89, 0, 0, 4.80%, 1, 22, 11, 343.18, 1074993, 763
2512, 21, 86, 89, 0, 0, 4.80%, 1, 22, 11, 238.10, 1075978, 763
2517, 21, 88, 89, 0, 0, 4.80%, 1, 22, 11, 470.19, 1078145, 763
2522, 21, 41, 89, 0, 0, 4.80%, 1, 22, 11, 594.53, 1081465, 763
2527, 21, 86, 89, 0, 0, 4.80%, 1, 22, 11, 322.45, 1082895, 763
2532, 21, 49, 89, 0, 0, 4.80%, 1, 22, 11, 424.00, 1084763, 763
2537, 21, 82, 89, 0, 0, 4.80%, 1, 22, 11, 430.62, 1086374, 763
2542, 21, 82, 89, 0, 0, 4.80%, 1, 22, 11, 134.42, 1087728, 763
2547, 21, 88, 89, 0, 0, 4.80%, 1, 22, 11, 383.57, 1089521, 763
2552, 21, 88, 89, 0, 0, 4.80%, 1, 22, 11, 517.77, 1092610, 763
2557, 21, 84, 89, 0, 0, 4.80%, 1, 22, 11, 787.44, 1093791, 763
2563, 21, 66, 89, 0, 0, 4.80%, 1, 22, 11, 453.14, 1095514, 763
2568, 21, 82, 89, 0, 0, 4.80%, 1, 22, 11, 413.53, 1097888, 763
2573, 21, 88, 89, 0, 0, 4.80%, 1, 22, 11, 643.81, 1101087, 763
2578, 21, 86, 89, 0, 0, 4.80%, 1, 22, 11, 465.75, 1103724, 763
2583, 21, 86, 89, 0, 0, 4.80%, 1, 22, 11, 350.08, 1105143, 763
2588, 21, 86, 89, 0, 0, 4.80%, 1, 22, 11, 243.16, 1106548, 763
2593, 21, 66, 89, 0, 0, 4.80%, 1, 22, 11, 873.18, 1107819, 763
2599, 21, 82, 89, 0, 0, 4.80%, 1, 22, 11, 142.18, 1109819, 763
2604, 21, 86, 89, 0, 0, 4.80%, 1, 22, 11, 200.14, 1110965, 763
2609, 21, 86, 89, 0, 0, 4.80%, 1, 22, 11, 202.18, 1111948, 763
2614, 21, 84, 89, 0, 0, 4.80%, 1, 22, 11, 60.56, 1113612, 763
2619, 21, 84, 89, 0, 0, 4.80%, 1, 22, 11, 430.00, 1114864, 763
2624, 21, 88, 89, 0, 0, 4.80%, 1, 22, 11, 672.14, 1117887, 763
2629, 21, 82, 90, 0, 0, 4.81%, 1, 22, 12, 139.15, 1120931, 764
2634, 21, 84, 90, 0, 0, 4.81%, 1, 22, 12, 157.28, 1121771, 764
2639, 21, 89, 90, 0, 0, 4.81%, 1, 22, 12, 364.36, 1123547, 764
2645, 21, 89, 90, 0, 0, 4.81%, 1, 22, 12, 802.12, 1125471, 764
2650, 21, 84, 90, 0, 0, 4.81%, 1, 22, 12, 58.52, 1127056, 764
2655, 22, 89, 90, 0, 0, 4.81%, 1, 22, 12, 79.75, 1130126, 764
2660, 22, 89, 90, 0, 0, 4.81%, 1, 22, 12, 631.27, 1132899, 764
2665, 22, 52, 90, 0, 0, 4.81%, 1, 22, 12, 712.06, 1135431, 764
2670, 22, 82, 90, 0, 0, 4.81%, 1, 22, 12, 137.06, 1136796, 764
2675, 22, 82, 90, 0, 0, 4.81%, 1, 22, 12, 281.30, 1138422, 764
2680, 22, 59, 90, 0, 0, 4.81%, 1, 22, 12, 326.27, 1139772, 764
2685, 22, 89, 90, 0, 0, 4.81%, 1, 22, 12, 492.28, 1142505, 764
2691, 22, 89, 90, 0, 0, 4.81%, 1, 22, 12, 672.12, 1145083, 764
2696, 22, 82, 90, 0, 0, 4.81%, 1, 22, 12, 581.30, 1148127, 764
2701, 22, 89, 90, 0, 0, 4.81%, 1, 22, 12, 556.34, 1149840, 764
2706, 22, 89, 90, 0, 0, 4.81%, 1, 22, 12, 932.48, 1151850, 764
2711, 22, 89, 90, 0, 0, 4.81%, 1, 22, 12, 576.52, 1154395, 764
2716, 22, 39, 90, 0, 0, 4.81%, 1, 22, 12, 606.37, 1157401, 764
2721, 22, 84, 90, 0, 0, 4.81%, 1, 22, 12, 545.00, 1158634, 764
2726, 22, 80, 90, 0, 0, 4.81%, 1, 22, 12, 321.36, 1159730, 764
2731, 22, 89, 90, 0, 0, 4.81%, 1, 22, 12, 523.33, 1162213, 764
2736, 22, 66, 90, 0, 0, 4.81%, 1, 22, 12, 604.92, 1165564, 764
2741, 22, 89, 90, 0, 0, 4.81%, 1, 22, 12, 476.30, 1166969, 764
2746, 22, 89, 90, 0, 0, 4.81%, 1, 22, 12, 481.34, 1169607, 764
2751, 22, 67, 90, 0, 0, 4.81%, 1, 22, 12, 495.89, 1172194, 764
2757, 22, 79, 90, 0, 0, 4.81%, 1, 22, 12, 588.25, 1174404, 764
2762, 22, 89, 90, 0, 0, 4.81%, 1, 22, 12, 621.64, 1177531, 764
2767, 22, 89, 90, 0, 0, 4.81%, 1, 22, 12, 646.50, 1180946, 764
2772, 22, 74, 90, 0, 0, 4.81%, 1, 22, 12, 410.57, 1182913, 764
2777, 22, 84, 90, 0, 0, 4.81%, 1, 22, 12, 367.92, 1184841, 764
2782, 22, 82, 90, 0, 0, 4.81%, 1, 22, 12, 440.25, 1186375, 764
2787, 22, 89, 90, 0, 0, 4.81%, 1, 22, 12, 429.73, 1188223, 764
2792, 22, 89, 90, 0, 0, 4.81%, 1, 22, 12, 546.36, 1191127, 764
2797, 22, 89, 90, 0, 0, 4.81%, 1, 22, 12, 606.08, 1194247, 764
2802, 22, 82, 90, 0, 0, 4.81%, 1, 22, 12, 602.84, 1197313, 764
2808, 22, 82, 90, 0, 0, 4.81%, 1, 22, 12, 132.48, 1198818, 764
2813, 22, 84, 90, 0, 0, 4.81%, 1, 22, 12, 279.42, 1200381, 764
2818, 22, 84, 90, 0, 0, 4.81%, 1, 22, 12, 77.83, 1202084, 764
2823, 22, 66, 90, 0, 0, 4.81%, 1, 22, 12, 482.94, 1204057, 764
2828, 22, 82, 90, 0, 0, 4.81%, 1, 22, 12, 143.90, 1205207, 764
2833, 22, 82, 90, 0, 0, 4.81%, 1, 22, 12, 229.06, 1206525, 764
2838, 22, 82, 90, 0, 0, 4.81%, 1, 22, 12, 245.10, 1207545, 764
2843, 22, 89, 90, 0, 0, 4.81%, 1, 22, 12, 527.17, 1210538, 764
2848, 22, 82, 90, 0, 0, 4.81%, 1, 22, 12, 199.03, 1212947, 764
2853, 22, 89, 90, 0, 0, 4.81%, 1, 22, 12, 518.24, 1215728, 764
2859, 22, 84, 90, 0, 0, 4.81%, 1, 22, 12, 322.11, 1217677, 764
2864, 22, 82, 90, 0, 0, 4.81%, 1, 22, 12, 239.50, 1218899, 764
2869, 22, 82, 90, 0, 0, 4.81%, 1, 22, 12, 234.45, 1220064, 764
2874, 22, 82, 90, 0, 0, 4.81%, 1, 22, 12, 335.51, 1222188, 764
2879, 22, 89, 90, 0, 0, 4.81%, 1, 22, 12, 499.31, 1224726, 764
2884, 22, 73, 90, 0, 0, 4.81%, 1, 22, 12, 598.48, 1227964, 764
2889, 22, 82, 90, 0, 0, 4.81%, 1, 22, 12, 532.47, 1229912, 764
2894, 22, 66, 90, 0, 0, 4.81%, 1, 22, 12, 367.17, 1231285, 764
2899, 22, 89, 90, 0, 0, 4.81%, 1, 22, 12, 608.01, 1234785, 764
2905, 22, 69, 90, 0, 0, 4.81%, 1, 22, 12, 238.03, 1236171, 764
2910, 23, 84, 90, 0, 0, 4.81%, 1, 22, 12, 447.96, 1238396, 764
2915, 23, 89, 90, 0, 0, 4.81%, 1, 22, 12, 508.09, 1240208, 764
2920, 23, 66, 90, 0, 0, 4.81%, 1, 22, 12, 624.28, 1243421, 764
2925, 23, 89, 90, 0, 0, 4.81%, 1, 22, 12, 541.09, 1246303, 764
2930, 23, 89, 90, 0, 0, 4.81%, 1, 22, 12, 687.48, 1249817, 764
2935, 23, 90, 91, 1, 1, 4.81%, 1, 22, 12, 583.70, 1252915, 764
2941, 23, 89, 91, 0, 0, 4.81%, 1, 22, 12, 621.74, 1255974, 764
2946, 23, 69, 91, 0, 0, 4.81%, 1, 22, 12, 586.23, 1258910, 764
2951, 23, 72, 91, 0, 0, 4.81%, 1, 22, 12, 623.33, 1261580, 764
2956, 23, 84, 91, 0, 0, 4.81%, 1, 22, 12, 49.59, 1262693, 764
2961, 23, 89, 91, 0, 0, 4.81%, 1, 22, 12, 755.23, 1264365, 764
2966, 23, 89, 91, 0, 0, 4.81%, 1, 22, 12, 649.19, 1267413, 764
2971, 23, 87, 91, 0, 0, 4.81%, 1, 22, 12, 55.82, 1269122, 764
2976, 23, 90, 91, 0, 0, 4.81%, 1, 22, 12, 404.36, 1271140, 764
2981, 23, 66, 91, 0, 0, 4.81%, 1, 22, 12, 391.10, 1272991, 764
2986, 23, 84, 91, 0, 0, 4.81%, 1, 22, 12, 498.43, 1275660, 764
2992, 23, 41, 91, 0, 0, 4.81%, 1, 22, 12, 542.96, 1278135, 764
2997, 23, 89, 91, 0, 0, 4.81%, 1, 22, 12, 555.26, 1281159, 764
3002, 23, 84, 91, 0, 0, 4.81%, 1, 22, 12, 106.90, 1282555, 764
3007, 23, 84, 91, 0, 0, 4.81%, 1, 22, 12, 522.63, 1284821, 764
3012, 23, 90, 91, 0, 0, 4.81%, 1, 22, 12, 374.49, 1286431, 764
3017, 23, 84, 91, 0, 0, 4.81%, 1, 22, 12, 290.91, 1287618, 764
3022, 23, 89, 91, 0, 0, 4.81%, 1, 22, 12, 474.22, 1289987, 764
3027, 23, 89, 91, 0, 0, 4.81%, 1, 22, 12, 534.22, 1292866, 764
3032, 23, 89, 91, 0, 0, 4.81%, 1, 22, 12, 549.49, 1295606, 764
3037, 23, 89, 91, 0, 0, 4.81%, 1, 22, 12, 647.28, 1298990, 764
3042, 23, 84, 91, 0, 0, 4.81%, 1, 22, 12, 181.51, 1300947, 764
3047, 23, 89, 91, 0, 0, 4.81%, 1, 22, 12, 386.60, 1302786, 764
3052, 23, 66, 91, 0, 0, 4.81%, 1, 22, 12, 504.37, 1306102, 764
3058, 23, 89, 91, 0, 0, 4.81%, 1, 22, 12, 107.53, 1308874, 764
3063, 23, 59, 91, 0, 0, 4.81%, 1, 22, 12, 487.21, 1310396, 764
3068, 23, 89, 91, 0, 0, 4.81%, 1, 22, 12, 502.12, 1312687, 764
3073, 23, 90, 91, 0, 0, 4.81%, 1, 22, 12, 516.67, 1315380, 764
3078, 23, 84, 91, 0, 0, 4.81%, 1, 22, 12, 461.77, 1317002, 764
3083, 23, 48, 91, 0, 0, 4.81%, 1, 22, 12, 488.77, 1318906, 764
3088, 23, 74, 92, 1, 0, 4.81%, 1, 22, 12, 116.55, 1321350, 764
3093, 23, 91, 92, 1, 1, 4.81%, 1, 22, 12, 184.81, 1322432, 764
3098, 23, 91, 92, 1, 1, 4.81%, 1, 22, 12, 92.25, 1322758, 764
3103, 23, 91, 92, 1, 1, 4.81%, 1, 22, 12, 70.85, 1323084, 764
3108, 23, 91, 92, 1, 1, 4.81%, 1, 22, 12, 65.90, 1323419, 764
3114, 23, 89, 92, 0, 0, 4.81%, 1, 22, 12, 504.38, 1324854, 764
3119, 23, 89, 92, 0, 0, 4.81%, 1, 22, 12, 651.11, 1328361, 764
3124, 23, 84, 92, 0, 0, 4.81%, 1, 22, 12, 86.44, 1329833, 764
3129, 23, 84, 92, 0, 0, 4.81%, 1, 22, 12, 45.83, 1330826, 764
3134, 23, 66, 92, 0, 0, 4.81%, 1, 22, 12, 686.04, 1333412, 764
3139, 23, 82, 92, 0, 0, 4.81%, 1, 22, 12, 77.95, 1334856, 764
3144, 23, 91, 92, 0, 0, 4.81%, 1, 22, 12, 243.91, 1336535, 764
3149, 23, 91, 92, 0, 0, 4.81%, 1, 22, 12, 152.31, 1337333, 764
3155, 23, 89, 92, 0, 0, 4.81%, 1, 22, 12, 420.47, 1339844, 764
3160, 23, 89, 92, 0, 0, 4.81%, 1, 22, 12, 819.45, 1341307, 764
3165, 23, 84, 92, 0, 0, 4.81%, 1, 22, 12, 474.20, 1343453, 764
3170, 23, 91, 92, 0, 0, 4.81%, 1, 22, 12, 302.04, 1344575, 764
3175, 23, 84, 92, 0, 0, 4.81%, 1, 22, 12, 223.15, 1345706, 764
3180, 23, 89, 92, 0, 0, 4.81%, 1, 22, 12, 460.28, 1348112, 764
3185, 23, 89, 92, 0, 0, 4.81%, 1, 22, 12, 594.10, 1351234, 764
3190, 24, 90, 92, 0, 0, 4.81%, 1, 22, 12, 547.19, 1354104, 764
3195, 24, 84, 92, 0, 0, 4.81%, 1, 22, 12, 345.45, 1355758, 764
3201, 24, 18, 92, 0, 0, 4.81%, 1, 22, 12, 407.02, 1357675, 764
3206, 24, 51, 92, 0, 0, 4.81%, 1, 22, 12, 86.02, 1359621, 764
3211, 24, 91, 92, 0, 0, 4.81%, 1, 22, 12, 571.03, 1360184, 764
3216, 24, 89, 92, 0, 0, 4.81%, 1, 22, 12, 529.37, 1362660, 764
3221, 24, 89, 92, 0, 0, 4.81%, 1, 22, 12, 709.78, 1365111, 764
3226, 24, 89, 92, 0, 0, 4.81%, 1, 22, 12, 613.95, 1368016, 764
3231, 24, 89, 92, 0, 0, 4.81%, 1, 22, 12, 891.48, 1370284, 764
3236, 24, 90, 92, 0, 0, 4.81%, 1, 22, 12, 539.50, 1372809, 764
3242, 24, 37, 92, 0, 0, 4.81%, 1, 22, 12, 443.63, 1374990, 764
3247, 24, 91, 92, 0, 0, 4.81%, 1, 22, 12, 77.67, 1376977, 764
3252, 24, 84, 92, 0, 0, 4.81%, 1, 22, 12, 458.88, 1377940, 764
3257, 24, 4, 92, 0, 0, 4.81%, 1, 22, 12, 601.64, 1379534, 764
3262, 24, 84, 92, 0, 0, 4.81%, 1, 22, 12, 419.38, 1380767, 764
3267, 24, 84, 92, 0, 0, 4.81%, 1, 22, 12, 289.08, 1382101, 764
3272, 24, 91, 92, 0, 0, 4.81%, 1, 22, 12, 150.88, 1382809, 764
3277, 24, 90, 92, 0, 0, 4.81%, 1, 22, 12, 314.84, 1384395, 764
3282, 24, 82, 92, 0, 0, 4.81%, 1, 22, 12, 175.27, 1385947, 764
3287, 24, 51, 92, 0, 0, 4.81%, 1, 22, 12, 284.68, 1387405, 764
3292, 24, 89, 92, 0, 0, 4.81%, 1, 22, 12, 498.88, 1390290, 764
3298, 24, 89, 92, 0, 0, 4.81%, 1, 22, 12, 676.94, 1393783, 764
3303, 24, 90, 92, 0, 0, 4.81%, 1, 22, 12, 495.08, 1396027, 764
3308, 24, 91, 92, 0, 0, 4.81%, 1, 22, 12, 741.73, 1396904, 764
3313, 24, 91, 92, 0, 0, 4.81%, 1, 22, 12, 138.25, 1397933, 764
3318, 24, 84, 92, 0, 0, 4.81%, 1, 22, 12, 460.36, 1400700, 764
3323, 24, 90, 92, 0, 0, 4.81%, 1, 22, 12, 385.86, 1402013, 764
3328, 24, 90, 92, 0, 0, 4.81%, 1, 22, 12, 426.11, 1403982, 764
3333, 24, 74, 92, 0, 0, 4.81%, 1, 22, 12, 399.63, 1405963, 764
3338, 24, 83, 92, 0, 0, 4.81%, 1, 22, 12, 429.77, 1407983, 764
3343, 24, 66, 92, 0, 0, 4.81%, 1, 22, 12, 516.06, 1410645, 764
3349, 24, 91, 92, 0, 0, 4.81%, 1, 22, 12, 689.13, 1411373, 764
3354, 24, 7, 92, 0, 0, 4.81%, 2, 22, 12, 475.54, 1413352, 764
3359, 24, 84, 92, 0, 0, 4.81%, 2, 22, 12, 239.96, 1414252, 764
3364, 24, 84, 92, 0, 0, 4.81%, 2, 22, 12, 258.79, 1415537, 764
3369, 24, 80, 92, 0, 0, 4.81%, 2, 22, 12, 552.83, 1417956, 764
3374, 24, 90, 92, 0, 0, 4.81%, 2, 22, 12, 591.90, 1420214, 764
3379, 24, 72, 92, 0, 0, 4.81%, 2, 22, 12, 65.41, 1422293, 764
3385, 24, 91, 92, 0, 0, 4.81%, 2, 22, 12, 65.64, 1423070, 764
3390, 24, 90, 92, 0, 0, 4.81%, 2, 22, 12, 444.16, 1424730, 764
3395, 24, 84, 92, 0, 0, 4.81%, 2, 22, 12, 741.46, 1426512, 764
3400, 24, 91, 92, 0, 0, 4.81%, 2, 22, 12, 732.35, 1427458, 764
3405, 24, 89, 92, 0, 0, 4.81%, 2, 22, 12, 659.63, 1430422, 764
3410, 24, 89, 92, 0, 0, 4.81%, 2, 22, 12, 114.68, 1432925, 764
3415, 24, 89, 92, 0, 0, 4.81%, 2, 22, 12, 713.12, 1435876, 764
3420, 24, 66, 92, 0, 0, 4.81%, 2, 22, 12, 635.31, 1439345, 764
3425, 24, 89, 92, 0, 0, 4.81%, 2, 22, 12, 651.72, 1442368, 764
3430, 24, 89, 92, 0, 0, 4.81%, 2, 22, 12, 613.23, 1445221, 764
3436, 24, 36, 92, 0, 0, 4.81%, 2, 22, 12, 189.24, 1447468, 764
3441, 24, 62, 92, 0, 0, 4.81%, 2, 22, 12, 272.51, 1449047, 764
3446, 24, 91, 92, 0, 0, 4.81%, 2, 22, 12, 74.86, 1450596, 764
3451, 24, 90, 92, 0, 0, 4.81%, 2, 22, 12, 441.73, 1452456, 764
3456, 24, 90, 92, 0, 0, 4.81%, 2, 22, 12, 469.42, 1454895, 764
3461, 24, 90, 92, 0, 0, 4.81%, 2, 22, 12, 493.76, 1457245, 764
3466, 24, 84, 92, 0, 0, 4.81%, 2, 22, 12, 567.31, 1458868, 764
3471, 24, 84, 92, 0, 0, 4.81%, 2, 22, 12, 329.18, 1459705, 764
3476, 24, 90, 92, 0, 0, 4.81%, 2, 22, 12, 664.88, 1461166, 764
3481, 24, 66, 92, 0, 0, 4.81%, 2, 22, 12, 353.33, 1463420, 764
3486, 24, 84, 92, 0, 0, 4.81%, 2, 22, 12, 448.38, 1465913, 764
3492, 24, 90, 92, 0, 0, 4.81%, 2, 22, 12, 421.64, 1467962, 764
3497, 24, 91, 92, 0, 0, 4.81%, 2, 22, 12, 349.65, 1469910, 764
3502, 24, 84, 92, 0, 0, 4.81%, 2, 22, 12, 277.71, 1471103, 764
3507, 25, 91, 92, 0, 0, 4.81%, 2, 22, 12, 64.90, 1471926, 764
3512, 25, 91, 92, 0, 0, 4.81%, 2, 22, 12, 142.25, 1472599, 764
3517, 25, 84, 92, 0, 0, 4.81%, 2, 22, 12, 349.71, 1474754, 764
3522, 25, 84, 92, 0, 0, 4.81%, 2, 22, 12, 57.03, 1475664, 764
3527, 25, 84, 92, 0, 0, 4.81%, 2, 22, 12, 167.31, 1476659, 764
3532, 25, 89, 92, 0, 0, 4.81%, 2, 22, 12, 529.90, 1479631, 764
3538, 25, 90, 92, 0, 0, 4.81%, 2, 22, 12, 550.82, 1482828, 764
3543, 25, 91, 92, 0, 0, 4.81%, 2, 22, 12, 406.89, 1484740, 764
3548, 25, 89, 92, 0, 0, 4.81%, 2, 22, 12, 668.18, 1488490, 764
3553, 25, 51, 92, 0, 0, 4.81%, 2, 22, 12, 615.59, 1491604, 764
3558, 25, 89, 92, 0, 0, 4.81%, 2, 22, 12, 692.04, 1494583, 764
3563, 25, 89, 92, 0, 0, 4.81%, 2, 22, 12, 665.52, 1497995, 764
3568, 25, 89, 92, 0, 0, 4.81%, 2, 22, 12, 693.97, 1501659, 764
3573, 25, 74, 92, 0, 0, 4.81%, 2, 22, 12, 438.52, 1503858, 764
3578, 25, 84, 92, 0, 0, 4.81%, 2, 22, 12, 640.91, 1506105, 764
3583, 25, 84, 92, 0, 0, 4.81%, 2, 22, 12, 230.29, 1507234, 764
3589, 25, 90, 92, 0, 0, 4.81%, 2, 22, 12, 436.72, 1509773, 764
3594, 25, 91, 92, 0, 0, 4.81%, 2, 22, 12, 430.43, 1510709, 764
3599, 25, 89, 92, 0, 0, 4.81%, 2, 22, 12, 551.40, 1513768, 764
3604, 25, 91, 92, 0, 0, 4.81%, 2, 22, 12, 69.55, 1516117, 764
3609, 25, 61, 92, 0, 0, 4.81%, 2, 22, 12, 556.86, 1517546, 764
3614, 25, 91, 92, 0, 0, 4.81%, 2, 22, 12, 74.59, 1518414, 764
3619, 25, 72, 92, 0, 0, 4.81%, 2, 22, 12, 77.01, 1520434, 764
3624, 25, 74, 92, 0, 0, 4.81%, 2, 22, 12, 141.02, 1521248, 764
3630, 25, 66, 92, 0, 0, 4.81%, 2, 22, 12, 670.62, 1523453, 764
3635, 25, 66, 92, 0, 0, 4.81%, 2, 22, 12, 579.94, 1526356, 764
3640, 25, 66, 92, 0, 0, 4.81%, 2, 22, 12, 554.90, 1528877, 764
3645, 25, 91, 92, 0, 0, 4.81%, 2, 22, 12, 366.34, 1529489, 764
3650, 25, 91, 92, 0, 0, 4.81%, 2, 22, 12, 78.62, 1530223, 764
3655, 25, 66, 92, 0, 0, 4.81%, 2, 22, 12, 229.76, 1531524, 764
3660, 25, 90, 92, 0, 0, 4.81%, 2, 22, 12, 512.17, 1534564, 764
3665, 25, 90, 92, 0, 0, 4.81%, 2, 22, 12, 471.51, 1536704, 764
3670, 25, 91, 92, 0, 0, 4.81%, 2, 22, 12, 118.97, 1538502, 764
3675, 25, 54, 92, 0, 0, 4.81%, 2, 22, 12, 905.30, 1539686, 764
3681, 25, 90, 92, 0, 0, 4.81%, 2, 22, 12, 252.91, 1542356, 764
3686, 25, 89, 92, 0, 0, 4.81%, 2, 22, 12, 699.21, 1544434, 764
3691, 25, 89, 92, 0, 0, 4.81%, 2, 22, 12, 126.18, 1547370, 764
3696, 25, 66, 92, 0, 0, 4.81%, 2, 22, 12, 690.13, 1550406, 764
3701, 25, 10, 92, 0, 0, 4.81%, 2, 22, 12, 339.71, 1552191, 764
3706, 25, 79, 92, 0, 0, 4.81%, 2, 22, 12, 502.15, 1554592, 764
3711, 25, 90, 92, 0, 0, 4.81%, 2, 22, 12, 621.82, 1556836, 764
3716, 25, 91, 92, 0, 0, 4.81%, 2, 22, 12, 68.47, 1558477, 764
3722, 25, 84, 92, 0, 0, 4.81%, 2, 22, 12, 406.52, 1559360, 764
3727, 25, 84, 92, 0, 0, 4.81%, 2, 22, 12, 52.77, 1560075, 764
3732, 25, 89, 92, 0, 0, 4.81%, 2, 22, 12, 612.92, 1562563, 764
3737, 25, 89, 92, 0, 0, 4.81%, 2, 22, 12, 45.64, 1565250, 764
3742, 25, 84, 92, 0, 0, 4.81%, 2, 22, 12, 136.25, 1565837, 764
3747, 25, 84, 92, 0, 0, 4.81%, 2, 22, 12, 177.51, 1566698, 764
3752, 25, 91, 92, 0, 0, 4.81%, 2, 22, 12, 299.53, 1568587, 764
3757, 25, 77, 92, 0, 0, 4.81%, 2, 22, 12, 359.20, 1570456, 764
3762, 25, 89, 92, 0, 0, 4.81%, 2, 22, 12, 587.86, 1573529, 764
3767, 25, 23, 92, 0, 0, 4.81%, 2, 22, 12, 612.02, 1576784, 764
3772, 25, 62, 92, 0, 0, 4.81%, 2, 22, 12, 105.01, 1577918, 764
3778, 25, 89, 92, 0, 0, 4.81%, 2, 22, 12, 447.92, 1580482, 764
3783, 25, 89, 92, 0, 0, 4.81%, 2, 22, 12, 633.87, 1583809, 764
3788, 25, 91, 92, 0, 0, 4.81%, 2, 22, 12, 401.90, 1584555, 764
3793, 25, 89, 92, 0, 0, 4.81%, 2, 22, 12, 551.69, 1587312, 764
3798, 25, 89, 92, 0, 0, 4.81%, 2, 22, 12, 670.00, 1588867, 764
3803, 25, 89, 92, 0, 0, 4.81%, 2, 22, 12, 673.24, 1592188, 764
3808, 25, 89, 92, 0, 0, 4.81%, 2, 22, 12, 629.39, 1595261, 764
3813, 25, 89, 92, 0, 0, 4.81%, 2, 22, 12, 557.45, 1598046, 764
3818, 25, 89, 92, 0, 0, 4.81%, 2, 22, 12, 663.39, 1601433, 764
3824, 25, 89, 92, 0, 0, 4.81%, 2, 22, 12, 716.40, 1605261, 764
3829, 25, 91, 92, 0, 0, 4.81%, 2, 22, 12, 113.64, 1608249, 764
3834, 25, 65, 92, 0, 0, 4.81%, 2, 22, 12, 393.22, 1610157, 764
3839, 25, 89, 92, 0, 0, 4.81%, 2, 22, 12, 525.86, 1613100, 764
3844, 25, 89, 92, 0, 0, 4.81%, 2, 22, 12, 388.30, 1615724, 764
3849, 25, 87, 92, 0, 0, 4.81%, 2, 22, 12, 386.43, 1617442, 764
3854, 25, 84, 92, 0, 0, 4.81%, 2, 22, 12, 333.33, 1619062, 764
3859, 25, 76, 92, 0, 0, 4.81%, 2, 22, 12, 449.54, 1621227, 764
3864, 25, 91, 92, 0, 0, 4.81%, 2, 22, 12, 409.98, 1623574, 764
3869, 25, 89, 92, 0, 0, 4.81%, 2, 22, 12, 553.10, 1626169, 764
3875, 25, 89, 92, 0, 0, 4.81%, 2, 22, 12, 116.27, 1629390, 764
3880, 26, 84, 92, 0, 0, 4.81%, 2, 22, 12, 437.18, 1630937, 764
3885, 26, 84, 92, 0, 0, 4.81%, 2, 22, 12, 51.89, 1631961, 764
3890, 26, 84, 92, 0, 0, 4.81%, 2, 22, 12, 419.21, 1633363, 764
3895, 26, 84, 92, 0, 0, 4.81%, 2, 22, 12, 500.00, 1634517, 764
3900, 26, 84, 92, 0, 0, 4.81%, 2, 22, 12, 295.27, 1635722, 764
3906, 26, 89, 92, 0, 0, 4.81%, 2, 22, 12, 547.37, 1638334, 764
3911, 26, 89, 92, 0, 0, 4.81%, 2, 22, 12, 600.47, 1641381, 764
3916, 26, 89, 92, 0, 0, 4.81%, 2, 22, 12, 559.79, 1644273, 764
3921, 26, 72, 92, 0, 0, 4.81%, 2, 22, 12, 555.89, 1647055, 764
3926, 26, 66, 92, 0, 0, 4.81%, 2, 22, 12, 452.60, 1648983, 764
3931, 26, 84, 92, 0, 0, 4.81%, 2, 22, 12, 234.69, 1649877, 764
3936, 26, 89, 92, 0, 0, 4.81%, 2, 22, 12, 529.63, 1652854, 764
3941, 26, 91, 92, 0, 0, 4.81%, 2, 22, 12, 577.38, 1655536, 764
3946, 26, 91, 92, 0, 0, 4.81%, 2, 22, 12, 605.38, 1656206, 764
3951, 26, 91, 92, 0, 0, 4.81%, 2, 22, 12, 85.75, 1658540, 764
3956, 26, 64, 92, 0, 0, 4.81%, 2, 22, 12, 701.01, 1660514, 764
3961, 26, 66, 92, 0, 0, 4.81%, 2, 22, 12, 601.39, 1663329, 764
3967, 26, 84, 92, 0, 0, 4.81%, 2, 22, 12, 467.09, 1665719, 764
3972, 26, 66, 92, 0, 0, 4.81%, 2, 22, 12, 655.94, 1667321, 764
3977, 26, 41, 92, 0, 0, 4.81%, 2, 22, 12, 105.39, 1669876, 764
3982, 26, 90, 92, 0, 0, 4.81%, 2, 22, 12, 111.86, 1671888, 764
3987, 26, 84, 92, 0, 0, 4.81%, 2, 22, 12, 329.38, 1673570, 764
3992, 26, 90, 92, 0, 0, 4.81%, 2, 22, 12, 338.27, 1675262, 764
3997, 26, 66, 92, 0, 0, 4.81%, 2, 22, 12, 494.09, 1677896, 764
4002, 26, 91, 92, 0, 0, 4.81%, 2, 22, 12, 485.91, 1679267, 764
4007, 26, 62, 92, 0, 0, 4.81%, 2, 22, 12, 50.47, 1680915, 764
4013, 26, 34, 92, 0, 0, 4.81%, 2, 22, 12, 562.06, 1683482, 764
4018, 26, 33, 92, 0, 0, 4.81%, 2, 22, 12, 536.06, 1686147, 764
4023, 26, 91, 92, 0, 0, 4.81%, 2, 22, 12, 70.45, 1687071, 764
4028, 26, 91, 92, 0, 0, 4.81%, 2, 22, 12, 74.23, 1689022, 764
4033, 26, 74, 92, 0, 0, 4.81%, 2, 22, 12, 476.58, 1690134, 764
4038, 26, 66, 92, 0, 0, 4.81%, 2, 22, 12, 494.33, 1692852, 764
4043, 26, 84, 92, 0, 0, 4.81%, 2, 22, 12, 401.94, 1694972, 764
4048, 26, 91, 92, 0, 0, 4.81%, 2, 22, 12, 63.69, 1695593, 764
4053, 26, 84, 92, 0, 0, 4.81%, 2, 22, 12, 155.25, 1696866, 764
4059, 26, 84, 92, 0, 0, 4.81%, 2, 22, 12, 361.04, 1698807, 764
4064, 26, 16, 92, 0, 0, 4.81%, 2, 22, 12, 378.66, 1700447, 764
4069, 26, 91, 92, 0, 0, 4.81%, 2, 22, 12, 71.79, 1701425, 764
4074, 26, 89, 92, 0, 0, 4.81%, 2, 22, 12, 520.74, 1703906, 764
4079, 26, 89, 92, 0, 0, 4.81%, 2, 22, 12, 632.31, 1707215, 764
4084, 26, 38, 92, 0, 0, 4.81%, 2, 22, 12, 449.07, 1710120, 764
4089, 26, 66, 92, 0, 0, 4.81%, 2, 22, 12, 588.18, 1712855, 764
4095, 26, 81, 92, 0, 0, 4.81%, 2, 22, 12, 55.02, 1715185, 764
4100, 26, 90, 92, 0, 0, 4.81%, 2, 22, 12, 502.65, 1717313, 764
4105, 26, 91, 92, 0, 0, 4.81%, 2, 22, 12, 66.43, 1718568, 764
4110, 26, 66, 92, 0, 0, 4.81%, 2, 22, 12, 503.94, 1720704, 764
4115, 26, 71, 92, 0, 0, 4.81%, 2, 22, 12, 601.64, 1721767, 764
4120, 26, 84, 92, 0, 0, 4.81%, 2, 22, 12, 424.83, 1723900, 764
4125, 26, 59, 92, 0, 0, 4.81%, 2, 22, 12, 427.28, 1725683, 764
4130, 26, 84, 92, 0, 0, 4.81%, 2, 22, 12, 451.69, 1728160, 764
4135, 26, 90, 92, 0, 0, 4.81%, 2, 22, 12, 395.46, 1729821, 764
4140, 26, 89, 92, 0, 0, 4.81%, 2, 22, 12, 560.48, 1732584, 764
4145, 26, 89, 92, 0, 0, 4.81%, 2, 22, 12, 616.61, 1735757, 764
4150, 26, 89, 92, 0, 0, 4.81%, 2, 22, 12, 716.22, 1739329, 764
4155, 26, 90, 92, 0, 0, 4.81%, 2, 22, 12, 584.70, 1742351, 764
4161, 26, 91, 92, 0, 0, 4.81%, 2, 22, 12, 386.86, 1743814, 764
4166, 26, 89, 92, 0, 0, 4.81%, 2, 22, 12, 603.96, 1746815, 764
4171, 26, 84, 92, 0, 0, 4.81%, 2, 22, 12, 113.42, 1749792, 764
4176, 26, 65, 92, 0, 0, 4.81%, 2, 22, 12, 255.52, 1751082, 764
4181, 26, 84, 92, 0, 0, 4.81%, 2, 22, 12, 337.45, 1752946, 764
4186, 26, 66, 92, 0, 0, 4.81%, 2, 22, 12, 366.40, 1754769, 764
4191, 26, 90, 92, 0, 0, 4.81%, 2, 22, 12, 472.95, 1756423, 764
4196, 27, 89, 92, 0, 0, 4.81%, 3, 22, 12, 545.07, 1758939, 764
4201, 27, 89, 92, 0, 0, 4.81%, 3, 22, 12, 665.54, 1762589, 764
4207, 27, 66, 92, 0, 0, 4.81%, 3, 22, 12, 544.20, 1763904, 764
4212, 27, 91, 92, 0, 0, 4.81%, 3, 22, 12, 81.91, 1765698, 764
4217, 27, 84, 92, 0, 0, 4.81%, 3, 22, 12, 400.30, 1766577, 764
4222, 27, 84, 92, 0, 0, 4.81%, 3, 22, 12, 190.77, 1767232, 764
4227, 27, 91, 92, 0, 0, 4.81%, 3, 22, 12, 141.60, 1768013, 764
4232, 27, 86, 92, 0, 0, 4.81%, 3, 22, 12, 425.83, 1769552, 764
4237, 27, 84, 92, 0, 0, 4.81%, 3, 22, 12, 421.13, 1770760, 764
4242, 27, 91, 92, 0, 0, 4.81%, 3, 22, 12, 70.68, 1771851, 764
4247, 27, 89, 92, 0, 0, 4.81%, 3, 22, 12, 544.48, 1773823, 764
4253, 27, 89, 92, 0, 0, 4.81%, 3, 22, 12, 587.50, 1776944, 764
4258, 27, 89, 92, 0, 0, 4.81%, 3, 22, 12, 558.56, 1779790, 764
4263, 27, 74, 92, 0, 0, 4.81%, 3, 22, 12, 603.39, 1783019, 764
4268, 27, 69, 92, 0, 0, 4.81%, 3, 22, 12, 550.68, 1785630, 764
4273, 27, 91, 92, 0, 0, 4.81%, 3, 22, 12, 117.00, 1786735, 764
4278, 27, 74, 92, 0, 0, 4.81%, 3, 22, 12, 613.86, 1788216, 764
4283, 27, 90, 92, 0, 0, 4.81%, 3, 22, 12, 62.61, 1790134, 764
4288, 27, 50, 92, 0, 0, 4.81%, 3, 22, 12, 491.40, 1792473, 764
4294, 27, 84, 92, 0, 0, 4.81%, 3, 22, 12, 431.55, 1794917, 764
4299, 27, 89, 92, 0, 0, 4.81%, 3, 22, 12, 561.49, 1797195, 764
4304, 27, 89, 92, 0, 0, 4.81%, 3, 22, 12, 539.34, 1799827, 764
4309, 27, 91, 92, 0, 0, 4.81%, 3, 22, 12, 71.02, 1801113, 764
4314, 27, 89, 92, 0, 0, 4.81%, 3, 22, 12, 640.07, 1802968, 764
4319, 27, 89, 92, 0, 0, 4.81%, 3, 22, 12, 548.18, 1804332, 764
4324, 27, 66, 92, 0, 0, 4.81%, 3, 22, 12, 606.18, 1807600, 764
4329, 27, 90, 92, 0, 0, 4.81%, 3, 22, 12, 507.08, 1810002, 764
4334, 27, 89, 92, 0, 0, 4.81%, 3, 22, 12, 655.58, 1813398, 764
4340, 27, 22, 92, 0, 0, 4.81%, 3, 22, 12, 186.58, 1816223, 764
4345, 27, 84, 92, 0, 0, 4.81%, 3, 22, 12, 48.84, 1817842, 764
4350, 27, 84, 92, 0, 0, 4.81%, 3, 22, 12, 342.19, 1819808, 764
4355, 27, 66, 92, 0, 0, 4.81%, 3, 22, 12, 480.56, 1821355, 764
4360, 27, 90, 92, 0, 0, 4.81%, 3, 22, 12, 503.86, 1824032, 764
4365, 27, 66, 92, 0, 0, 4.81%, 3, 22, 12, 639.95, 1826282, 764
4371, 27, 66, 92, 0, 0, 4.81%, 3, 22, 12, 661.86, 1829000, 764
4376, 27, 26, 92, 0, 0, 4.81%, 3, 22, 12, 488.25, 1831328, 764
4381, 27, 89, 92, 0, 0, 4.81%, 3, 22, 12, 621.72, 1834456, 764
4386, 27, 90, 92, 0, 0, 4.81%, 3, 22, 12, 727.44, 1836785, 764
4391, 27, 91, 92, 0, 0, 4.81%, 3, 22, 12, 66.48, 1838531, 764
4396, 27, 89, 92, 0, 0, 4.81%, 3, 22, 12, 453.04, 1840009, 764
4401, 27, 89, 92, 0, 0, 4.81%, 3, 22, 12, 524.82, 1842668, 764
4406, 27, 58, 92, 0, 0, 4.81%, 3, 22, 12, 513.37, 1844718, 764
4411, 27, 84, 92, 0, 0, 4.81%, 3, 22, 12, 371.86, 1846433, 764
4416, 27, 91, 92, 0, 0, 4.81%, 3, 22, 12, 370.96, 1848389, 764
4421, 27, 74, 92, 0, 0, 4.81%, 3, 22, 12, 251.32, 1849478, 764
4426, 27, 66, 92, 0, 0, 4.81%, 3, 22, 12, 536.31, 1852473, 764
4431, 27, 90, 92, 0, 0, 4.81%, 3, 22, 12, 391.27, 1854277, 764
4437, 27, 90, 92, 0, 0, 4.81%, 3, 22, 12, 71.00, 1856675, 764
4442, 27, 90, 93, 1, 0, 4.82%, 3, 22, 12, 434.77, 1858502, 766
4447, 27, 92, 93, 1, 1, 4.82%, 3, 22, 12, 915.21, 1860995, 766
4452, 27, 91, 93, 0, 0, 4.82%, 3, 22, 12, 151.34, 1862710, 766
4457, 27, 92, 93, 0, 0, 4.82%, 3, 22, 12, 308.11, 1864521, 766
4462, 27, 92, 93, 0, 0, 4.82%, 3, 22, 12, 402.49, 1866467, 766
4467, 27, 91, 93, 0, 0, 4.82%, 3, 22, 12, 349.18, 1868089, 766
4472, 27, 84, 93, 0, 0, 4.82%, 3, 22, 12, 58.84, 1869856, 766
4478, 27, 55, 93, 0, 0, 4.82%, 3, 22, 12, 434.05, 1870722, 766
4483, 27, 91, 93, 0, 0, 4.82%, 3, 22, 12, 95.18, 1872577, 766
4488, 27, 84, 93, 0, 0, 4.82%, 3, 22, 12, 493.06, 1874460, 766
4493, 27, 92, 93, 0, 0, 4.82%, 3, 22, 12, 420.07, 1876343, 766
4498, 27, 92, 93, 0, 0, 4.82%, 3, 22, 12, 452.71, 1878524, 766
4503, 27, 91, 93, 0, 0, 4.82%, 3, 22, 12, 86.14, 1880516, 766
4508, 27, 89, 93, 0, 0, 4.82%, 3, 22, 12, 630.15, 1881827, 766
4513, 27, 89, 93, 0, 0, 4.82%, 3, 22, 12, 92.78, 1883731, 766
4518, 27, 91, 93, 0, 0, 4.82%, 3, 22, 12, 682.93, 1886524, 766
4523, 27, 91, 93, 0, 0, 4.82%, 3, 22, 12, 111.56, 1887114, 766
4528, 27, 92, 93, 0, 0, 4.82%, 3, 22, 12, 491.69, 1889423, 766
4534, 27, 90, 93, 0, 0, 4.82%, 3, 22, 12, 561.69, 1892134, 766
4539, 27, 88, 93, 0, 0, 4.82%, 3, 22, 12, 691.97, 1895530, 766
4544, 27, 37, 93, 0, 0, 4.82%, 3, 22, 12, 361.60, 1897818, 766
4549, 27, 92, 93, 0, 0, 4.82%, 3, 22, 12, 375.23, 1899513, 766
4554, 27, 66, 93, 0, 0, 4.82%, 3, 22, 12, 532.70, 1902516, 766
4559, 28, 84, 93, 0, 0, 4.82%, 3, 22, 12, 140.89, 1905062, 766
4564, 28, 84, 93, 0, 0, 4.82%, 3, 22, 12, 199.87, 1906076, 766
4569, 28, 66, 93, 0, 0, 4.82%, 3, 22, 12, 766.54, 1907195, 766
4574, 28, 66, 93, 0, 0, 4.82%, 3, 22, 12, 616.48, 1910226, 766
4579, 28, 91, 93, 0, 0, 4.82%, 3, 22, 12, 726.52, 1910918, 766
4585, 28, 92, 93, 0, 0, 4.82%, 3, 22, 12, 90.09, 1913089, 766
4590, 28, 92, 93, 0, 0, 4.82%, 3, 22, 12, 74.16, 1914532, 766
4595, 28, 89, 93, 0, 0, 4.82%, 3, 22, 12, 610.02, 1917962, 766
4600, 28, 92, 93, 0, 0, 4.82%, 3, 22, 12, 504.95, 1920574, 766
4605, 28, 92, 93, 0, 0, 4.82%, 3, 22, 12, 81.99, 1922061, 766
4610, 28, 84, 93, 0, 0, 4.82%, 3, 22, 12, 205.95, 1923613, 766
4615, 28, 89, 93, 0, 0, 4.82%, 3, 22, 12, 424.14, 1926083, 766
4620, 28, 89, 93, 0, 0, 4.82%, 3, 22, 12, 84.39, 1928302, 766
4625, 28, 89, 93, 0, 0, 4.82%, 3, 22, 12, 720.25, 1931278, 766
4630, 28, 89, 93, 0, 0, 4.82%, 3, 22, 12, 714.13, 1934867, 766
4636, 28, 89, 93, 0, 0, 4.82%, 3, 22, 12, 606.33, 1937852, 766
4641, 28, 89, 93, 0, 0, 4.82%, 3, 22, 12, 697.67, 1939963, 766
4646, 28, 84, 93, 0, 0, 4.82%, 3, 22, 12, 141.27, 1941288, 766
4651, 28, 84, 93, 0, 0, 4.82%, 3, 22, 12, 49.74, 1942166, 766
4656, 28, 89, 93, 0, 0, 4.82%, 3, 22, 12, 598.62, 1945227, 766
4661, 28, 89, 93, 0, 0, 4.82%, 3, 22, 12, 96.97, 1946686, 766
4666, 28, 62, 93, 0, 0, 4.82%, 3, 22, 12, 659.85, 1948871, 766
4671, 28, 91, 93, 0, 0, 4.82%, 3, 22, 12, 75.45, 1950086, 766
4676, 28, 91, 93, 0, 0, 4.82%, 3, 22, 12, 78.33, 1950948, 766
4681, 28, 89, 93, 0, 0, 4.82%, 3, 22, 12, 891.81, 1952301, 766
4687, 28, 89, 93, 0, 0, 4.82%, 3, 22, 12, 735.84, 1955865, 766
4692, 28, 92, 93, 0, 0, 4.82%, 3, 22, 12, 525.58, 1958619, 766
4697, 28, 92, 93, 0, 0, 4.82%, 3, 22, 12, 470.18, 1960896, 766
4702, 28, 92, 93, 0, 0, 4.82%, 3, 22, 12, 478.84, 1963497, 766
4707, 28, 92, 93, 0, 0, 4.82%, 3, 22, 12, 412.49, 1965792, 766
4712, 28, 92, 93, 0, 0, 4.82%, 3, 22, 12, 359.03, 1967527, 766
4717, 28, 92, 93, 0, 0, 4.82%, 3, 22, 12, 335.06, 1969236, 766
4722, 28, 89, 93, 0, 0, 4.82%, 3, 22, 12, 503.52, 1972008, 766
4727, 28, 89, 93, 0, 0, 4.82%, 3, 22, 12, 651.83, 1975611, 766
4732, 28, 89, 93, 0, 0, 4.82%, 3, 22, 12, 614.24, 1978773, 766
4738, 28, 89, 93, 0, 0, 4.82%, 3, 22, 12, 544.19, 1981268, 766
4743, 28, 89, 93, 0, 0, 4.82%, 3, 22, 12, 131.81, 1984194, 766
4748, 28, 84, 93, 0, 0, 4.82%, 3, 22, 12, 388.88, 1986415, 766
4753, 28, 84, 93, 0, 0, 4.82%, 3, 22, 12, 262.04, 1987469, 766
4758, 28, 44, 93, 0, 0, 4.82%, 3, 22, 12, 498.82, 1989836, 766
4763, 28, 89, 93, 0, 0, 4.82%, 3, 22, 12, 599.37, 1993166, 766
4768, 28, 92, 93, 0, 0, 4.82%, 3, 22, 12, 506.26, 1995847, 766
4773, 28, 92, 93, 0, 0, 4.82%, 3, 22, 12, 426.54, 1997907, 766
4778, 28, 88, 93, 0, 0, 4.82%, 3, 22, 12, 787.98, 1999997, 766
4784, 28, 66, 93, 0, 0, 4.82%, 3, 22, 12, 601.99, 2002994, 766
4789, 28, 92, 93, 0, 0, 4.82%, 3, 22, 12, 491.34, 2005365, 766
4794, 28, 92, 93, 0, 0, 4.82%, 3, 22, 12, 433.43, 2007334, 766
4799, 28, 75, 93, 0, 0, 4.82%, 3, 22, 12, 447.28, 2009063, 766
4804, 28, 89, 93, 0, 0, 4.82%, 3, 22, 12, 441.91, 2011090, 766
4809, 28, 89, 93, 0, 0, 4.82%, 3, 22, 12, 107.00, 2014609, 766
4814, 28, 92, 93, 0, 0, 4.82%, 3, 22, 12, 544.60, 2016827, 766
4819, 28, 92, 93, 0, 0, 4.82%, 3, 22, 12, 483.40, 2019067, 766
4824, 28, 84, 93, 0, 0, 4.82%, 3, 22, 12, 356.23, 2021018, 766
4830, 28, 91, 93, 0, 0, 4.82%, 3, 22, 12, 158.44, 2022477, 766
4835, 28, 92, 93, 0, 0, 4.82%, 3, 22, 12, 341.39, 2024645, 766
4840, 28, 92, 93, 0, 0, 4.82%, 3, 22, 12, 464.64, 2026631, 766
4845, 28, 62, 93, 0, 0, 4.82%, 3, 22, 12, 138.59, 2028845, 766
4850, 28, 66, 93, 0, 0, 4.82%, 3, 22, 12, 434.80, 2031292, 766
4855, 28, 49, 93, 0, 0, 4.82%, 3, 22, 12, 518.45, 2033954, 766
4860, 28, 89, 93, 0, 0, 4.82%, 3, 22, 12, 515.50, 2036714, 766
4866, 28, 91, 93, 0, 0, 4.82%, 3, 22, 12, 66.49, 2040203, 766
4871, 28, 84, 93, 0, 0, 4.82%, 3, 22, 12, 744.58, 2041049, 766
4876, 28, 84, 93, 0, 0, 4.82%, 3, 22, 12, 137.63, 2041907, 766
4881, 28, 66, 93, 0, 0, 4.82%, 3, 22, 12, 376.29, 2043893, 766
4886, 28, 66, 93, 0, 0, 4.82%, 3, 22, 12, 70.59, 2046178, 766
4891, 28, 91, 93, 0, 0, 4.82%, 3, 22, 12, 494.56, 2048596, 766
4896, 28, 89, 93, 0, 0, 4.82%, 3, 22, 12, 410.11, 2050207, 766
4901, 28, 89, 93, 0, 0, 4.82%, 3, 22, 12, 575.59, 2053333, 766
4906, 28, 91, 93, 0, 0, 4.82%, 3, 22, 12, 93.60, 2054839, 766
4911, 28, 92, 93, 0, 0, 4.82%, 3, 22, 12, 285.23, 2056406, 766
4916, 28, 92, 93, 0, 0, 4.82%, 3, 22, 12, 553.58, 2058201, 766
4921, 28, 89, 93, 0, 0, 4.82%, 3, 22, 12, 671.80, 2061663, 766
4927, 28, 89, 93, 0, 0, 4.82%, 3, 22, 12, 608.97, 2064938, 766
4932, 28, 89, 93, 0, 0, 4.82%, 3, 22, 12, 611.04, 2067935, 766
4937, 28, 84, 93, 0, 0, 4.82%, 3, 22, 12, 159.71, 2069891, 766
4942, 28, 92, 93, 0, 0, 4.82%, 3, 22, 12, 309.99, 2071535, 766
4947, 28, 92, 94, 1, 0, 4.82%, 3, 22, 12, 405.00, 2073513, 767
4952, 28, 93, 94, 1, 1, 4.82%, 3, 22, 12, 50.29, 2075625, 767
4958, 28, 93, 94, 1, 1, 4.82%, 3, 22, 12, 46.06, 2076845, 767
4963, 28, 92, 94, 0, 0, 4.82%, 3, 23, 12, 382.74, 2078568, 767
4968, 28, 68, 94, 0, 0, 4.82%, 3, 23, 12, 458.73, 2080884, 767
4973, 28, 89, 94, 0, 0, 4.82%, 3, 23, 12, 526.66, 2083684, 767
4978, 28, 89, 94, 0, 0, 4.82%, 3, 23, 12, 781.93, 2086344, 767
4983, 28, 84, 94, 0, 0, 4.82%, 3, 23, 12, 156.83, 2088067, 767
4988, 28, 84, 94, 0, 0, 4.82%, 3, 23, 12, 63.89, 2088664, 767
4993, 28, 91, 94, 0, 0, 4.82%, 3, 23, 12, 104.12, 2089519, 767
4998, 28, 92, 94, 0, 0, 4.82%, 3, 23, 12, 435.94, 2091438, 767
5003, 28, 92, 94, 0, 0, 4.82%, 3, 23, 12, 482.85, 2094078, 767
5009, 28, 84, 94, 0, 0, 4.82%, 3, 23, 12, 581.09, 2097030, 767
5014, 28, 84, 94, 0, 0, 4.82%, 3, 23, 12, 83.80, 2098059, 767
5019, 28, 93, 94, 0, 0, 4.82%, 3, 23, 12, 411.70, 2100136, 767
5024, 28, 92, 94, 0, 0, 4.82%, 3, 23, 12, 474.68, 2102367, 767
5029, 28, 92, 94, 0, 0, 4.82%, 3, 23, 12, 520.32, 2104994, 767
5034, 28, 92, 94, 0, 0, 4.82%, 3, 23, 12, 364.09, 2106799, 767
5039, 29, 84, 94, 0, 0, 4.82%, 3, 23, 12, 386.29, 2109013, 767
5044, 29, 60, 94, 0, 0, 4.82%, 3, 23, 12, 365.19, 2110301, 767
5049, 29, 93, 94, 0, 0, 4.82%, 3, 23, 12, 426.23, 2112569, 767
5054, 29, 93, 94, 0, 0, 4.82%, 3, 23, 12, 424.22, 2114765, 767
5060, 29, 91, 94, 0, 0, 4.82%, 3, 23, 12, 67.55, 2116268, 767
5065, 29, 93, 94, 0, 0, 4.82%, 3, 23, 12, 556.42, 2117883, 767
5070, 29, 91, 94, 0, 0, 4.82%, 3, 23, 12, 98.16, 2120441, 767
5075, 29, 66, 94, 0, 0, 4.82%, 3, 23, 12, 362.11, 2122243, 767
5080, 29, 89, 94, 0, 0, 4.82%, 3, 23, 12, 464.80, 2124597, 767
5085, 29, 89, 94, 0, 0, 4.82%, 3, 23, 12, 509.86, 2127176, 767
5091, 29, 91, 94, 0, 0, 4.82%, 3, 24, 12, 131.17, 2129114, 767
5096, 29, 84, 94, 0, 0, 4.82%, 3, 24, 12, 218.50, 2130485, 767
5101, 29, 93, 94, 0, 0, 4.82%, 3, 24, 12, 518.97, 2132127, 767
5106, 29, 93, 94, 0, 0, 4.82%, 3, 24, 12, 517.97, 2134787, 767
5111, 29, 92, 94, 0, 0, 4.82%, 3, 24, 12, 511.44, 2136687, 767
5116, 29, 92, 94, 0, 0, 4.82%, 3, 24, 12, 528.61, 2139487, 767
5121, 29, 92, 94, 0, 0, 4.82%, 3, 24, 12, 503.77, 2142037, 767
5126, 29, 89, 94, 0, 0, 4.82%, 3, 24, 12, 650.48, 2145489, 767
5131, 29, 37, 94, 0, 0, 4.82%, 3, 24, 12, 504.90, 2148069, 767
5136, 29, 91, 94, 0, 0, 4.82%, 3, 24, 12, 74.45, 2149959, 767
5141, 29, 89, 94, 0, 0, 4.82%, 3, 24, 12, 371.42, 2151938, 767
5147, 29, 89, 94, 0, 0, 4.82%, 3, 24, 12, 568.65, 2155106, 767
5152, 29, 91, 94, 0, 0, 4.82%, 3, 24, 12, 70.35, 2156064, 767
5157, 29, 91, 94, 0, 0, 4.82%, 3, 24, 12, 73.89, 2156904, 767
5162, 29, 84, 94, 0, 0, 4.82%, 3, 24, 12, 514.85, 2158802, 767
5167, 29, 65, 94, 0, 0, 4.82%, 3, 24, 12, 432.52, 2160899, 767
5172, 29, 84, 94, 0, 0, 4.82%, 3, 24, 12, 652.46, 2162526, 767
5177, 29, 92, 94, 0, 0, 4.82%, 3, 24, 12, 377.07, 2164273, 767
5182, 29, 92, 94, 0, 0, 4.82%, 3, 24, 12, 81.32, 2164738, 767
5188, 29, 92, 94, 0, 0, 4.82%, 3, 24, 12, 503.26, 2166935, 767
5193, 29, 92, 94, 0, 0, 4.82%, 3, 24, 12, 466.36, 2169038, 767
5198, 29, 73, 94, 0, 0, 4.82%, 3, 24, 12, 551.53, 2172081, 767
5203, 29, 92, 94, 0, 0, 4.82%, 3, 24, 12, 395.77, 2173853, 767
5208, 29, 91, 94, 0, 0, 4.82%, 3, 24, 12, 399.70, 2176002, 767
5213, 29, 91, 94, 0, 0, 4.82%, 3, 24, 12, 68.38, 2177306, 767
5218, 29, 92, 94, 0, 0, 4.82%, 3, 24, 12, 468.34, 2178272, 767
5223, 29, 92, 94, 0, 0, 4.82%, 3, 24, 12, 505.78, 2180610, 767
5229, 29, 93, 94, 0, 0, 4.82%, 3, 24, 12, 576.39, 2183519, 767
5234, 29, 87, 94, 0, 0, 4.82%, 3, 24, 12, 77.15, 2185407, 767
5239, 29, 89, 94, 0, 0, 4.82%, 3, 24, 12, 780.00, 2186322, 767
5244, 29, 89, 94, 0, 0, 4.82%, 3, 24, 12, 711.24, 2189950, 767
5249, 29, 91, 94, 0, 0, 4.82%, 3, 24, 12, 85.48, 2193024, 767
5254, 29, 91, 94, 0, 0, 4.82%, 3, 24, 12, 433.59, 2193954, 767
5259, 29, 66, 94, 0, 0, 4.82%, 3, 24, 12, 400.75, 2195829, 767
5264, 29, 89, 94, 0, 0, 4.82%, 3, 24, 12, 588.03, 2199114, 767
5269, 29, 66, 94, 0, 0, 4.82%, 3, 24, 12, 618.80, 2202205, 767
5275, 29, 93, 94, 0, 0, 4.82%, 3, 24, 12, 530.48, 2205056, 767
5280, 29, 93, 94, 0, 0, 4.82%, 3, 24, 12, 362.60, 2206757, 767
5285, 29, 89, 94, 0, 0, 4.82%, 3, 24, 12, 484.36, 2209184, 767
5290, 29, 89, 94, 0, 0, 4.82%, 3, 24, 12, 626.83, 2212553, 767
5295, 29, 89, 94, 0, 0, 4.82%, 3, 24, 12, 584.88, 2215418, 767
5300, 29, 93, 94, 0, 0, 4.82%, 3, 24, 12, 658.34, 2218994, 767
5305, 29, 70, 94, 0, 0, 4.82%, 3, 24, 12, 551.51, 2221612, 767
5310, 29, 89, 94, 0, 0, 4.82%, 3, 24, 12, 500.52, 2224004, 767
5315, 29, 89, 94, 0, 0, 4.82%, 3, 24, 12, 57.83, 2226575, 767
5320, 29, 84, 94, 0, 0, 4.82%, 3, 24, 12, 459.36, 2227528, 767
5326, 29, 17, 94, 0, 0, 4.82%, 3, 24, 12, 621.89, 2228911, 767
5331, 29, 47, 94, 0, 0, 4.82%, 3, 24, 12, 737.38, 2231064, 767
5336, 29, 92, 94, 0, 0, 4.82%, 3, 24, 12, 487.05, 2233101, 767
5341, 29, 71, 94, 0, 0, 4.82%, 3, 24, 12, 532.76, 2235889, 767
5346, 29, 92, 94, 0, 0, 4.82%, 3, 24, 12, 414.21, 2237928, 767
5351, 29, 80, 94, 0, 0, 4.82%, 3, 24, 12, 520.23, 2240418, 767
5356, 29, 84, 94, 0, 0, 4.82%, 3, 24, 12, 386.30, 2242522, 767
5361, 29, 84, 94, 0, 0, 4.82%, 3, 24, 12, 253.21, 2243707, 767
5366, 29, 93, 94, 0, 0, 4.82%, 3, 24, 12, 428.02, 2245779, 767
5372, 29, 93, 94, 0, 0, 4.82%, 3, 24, 12, 478.16, 2248287, 767
5377, 29, 84, 94, 0, 0, 4.82%, 3, 24, 12, 326.26, 2249613, 767
5382, 29, 92, 94, 0, 0, 4.82%, 3, 24, 12, 350.76, 2251482, 767
5387, 29, 92, 94, 0, 0, 4.82%, 3, 24, 12, 532.24, 2253285, 767
5392, 29, 93, 94, 0, 0, 4.82%, 3, 24, 12, 310.53, 2254881, 767
5397, 29, 93, 94, 0, 0, 4.82%, 3, 24, 12, 390.87, 2256787, 767
5402, 29, 92, 94, 0, 0, 4.82%, 3, 24, 12, 404.09, 2259125, 767
5407, 29, 11, 94, 0, 0, 4.82%, 3, 24, 12, 458.44, 2261622, 767
5412, 29, 56, 94, 0, 0, 4.82%, 3, 24, 12, 84.61, 2263626, 767
5417, 29, 91, 94, 0, 0, 4.82%, 3, 24, 12, 78.65, 2265357, 767
5422, 29, 91, 94, 0, 0, 4.82%, 3, 24, 12, 64.71, 2266161, 767
5428, 29, 92, 94, 0, 0, 4.82%, 3, 24, 12, 570.51, 2267178, 767
5433, 29, 92, 94, 0, 0, 4.82%, 3, 24, 12, 510.68, 2269516, 767
5438, 29, 66, 94, 0, 0, 4.82%, 3, 24, 12, 482.69, 2271848, 767
5443, 29, 66, 94, 0, 0, 4.82%, 3, 24, 12, 645.33, 2273728, 767
5448, 29, 91, 94, 0, 0, 4.82%, 3, 24, 12, 383.48, 2275334, 767
5453, 29, 92, 94, 0, 0, 4.82%, 3, 24, 12, 412.70, 2277313, 767
5458, 30, 73, 94, 0, 0, 4.82%, 3, 24, 12, 636.71, 2280675, 767
5463, 30, 46, 94, 0, 0, 4.82%, 3, 24, 12, 614.11, 2283606, 767
5468, 30, 92, 94, 0, 0, 4.82%, 3, 24, 12, 563.29, 2286362, 767
5473, 30, 92, 94, 0, 0, 4.82%, 3, 24, 12, 91.45, 2287747, 767
5478, 30, 84, 94, 0, 0, 4.82%, 3, 24, 12, 439.64, 2289986, 767
5484, 30, 92, 94, 0, 0, 4.82%, 3, 24, 12, 370.59, 2291515, 767
5489, 30, 92, 94, 0, 0, 4.82%, 3, 24, 12, 449.11, 2293838, 767
5494, 30, 84, 94, 0, 0, 4.82%, 3, 24, 12, 241.89, 2294853, 767
5499, 30, 92, 94, 0, 0, 4.82%, 3, 24, 12, 302.19, 2296396, 767
5504, 30, 92, 94, 0, 0, 4.82%, 3, 24, 12, 404.24, 2298492, 767
5509, 30, 93, 94, 0, 0, 4.82%, 3, 24, 12, 417.54, 2300844, 767
5514, 30, 66, 94, 0, 0, 4.82%, 3, 24, 12, 525.58, 2303638, 767
5520, 30, 93, 94, 0, 0, 4.82%, 3, 24, 12, 432.60, 2305812, 767
5525, 30, 5, 94, 0, 0, 4.82%, 3, 24, 12, 468.10, 2308058, 767
5530, 30, 92, 94, 0, 0, 4.82%, 3, 24, 12, 469.44, 2310221, 767
5535, 30, 12, 94, 0, 0, 4.82%, 3, 24, 12, 320.46, 2311634, 767
5540, 30, 91, 94, 0, 0, 4.82%, 3, 24, 12, 390.00, 2312219, 767
5545, 30, 84, 94, 0, 0, 4.82%, 3, 24, 12, 219.06, 2313511, 767
5550, 30, 37, 94, 0, 0, 4.82%, 3, 24, 12, 246.83, 2314648, 767
5555, 30, 89, 94, 0, 0, 4.82%, 3, 24, 12, 642.32, 2318361, 767
5560, 30, 91, 94, 0, 0, 4.82%, 3, 24, 12, 95.68, 2320298, 767
5566, 30, 93, 94, 0, 0, 4.82%, 3, 24, 12, 466.31, 2322563, 767
5571, 30, 93, 94, 0, 0, 4.82%, 3, 24, 12, 559.20, 2325361, 767
5576, 30, 91, 94, 0, 0, 4.82%, 3, 24, 12, 177.39, 2326436, 767
5581, 30, 91, 94, 0, 0, 4.82%, 3, 24, 12, 125.74, 2326934, 767
5586, 30, 89, 94, 0, 0, 4.82%, 3, 24, 12, 611.50, 2330531, 767
5591, 30, 89, 94, 0, 0, 4.82%, 3, 24, 12, 554.14, 2333115, 767
5596, 30, 66, 94, 0, 0, 4.82%, 3, 24, 12, 534.50, 2335946, 767
5601, 30, 84, 94, 0, 0, 4.82%, 3, 24, 12, 400.04, 2338085, 767
5607, 30, 64, 94, 0, 0, 4.82%, 3, 24, 12, 441.08, 2340105, 767
5612, 30, 64, 94, 0, 0, 4.82%, 3, 24, 12, 607.05, 2342761, 767
5617, 30, 91, 94, 0, 0, 4.82%, 3, 24, 12, 437.65, 2344832, 767
5622, 30, 93, 94, 0, 0, 4.82%, 3, 24, 12, 431.98, 2347089, 767
5627, 30, 93, 94, 0, 0, 4.82%, 3, 24, 12, 702.21, 2349251, 767
5632, 30, 84, 94, 0, 0, 4.82%, 3, 24, 12, 513.60, 2350455, 767
5637, 30, 89, 94, 0, 0, 4.82%, 3, 24, 12, 709.34, 2353127, 767
5642, 30, 89, 94, 0, 0, 4.82%, 3, 24, 12, 88.96, 2354819, 767
5647, 30, 91, 94, 0, 0, 4.82%, 3, 24, 12, 112.74, 2356988, 767
5653, 30, 92, 94, 0, 0, 4.82%, 3, 24, 12, 422.48, 2358383, 767
5658, 30, 92, 94, 0, 0, 4.82%, 3, 24, 12, 469.09, 2360601, 767
5663, 30, 91, 94, 0, 0, 4.82%, 3, 24, 12, 109.46, 2361231, 767
5668, 30, 84, 94, 0, 0, 4.82%, 3, 24, 12, 425.29, 2362456, 767
5673, 30, 91, 94, 0, 0, 4.82%, 3, 24, 12, 49.71, 2363571, 767
5678, 30, 91, 94, 0, 0, 4.82%, 3, 24, 12, 401.10, 2364322, 767
5683, 30, 93, 95, 1, 0, 4.82%, 3, 24, 12, 450.93, 2366639, 767
5688, 30, 93, 95, 1, 0, 4.82%, 3, 24, 12, 499.08, 2369051, 767
5693, 30, 94, 95, 1, 1, 4.82%, 3, 24, 12, 550.96, 2370993, 767
5698, 30, 92, 95, 0, 0, 4.82%, 3, 24, 12, 96.01, 2373417, 767
5704, 30, 89, 95, 0, 0, 4.82%, 3, 24, 12, 585.34, 2376507, 767
5709, 30, 94, 96, 1, 0, 4.82%, 3, 24, 12, 558.96, 2379394, 767
5714, 30, 94, 97, 2, 0, 4.82%, 3, 24, 12, 602.61, 2382517, 767
5719, 30, 95, 97, 2, 2, 4.82%, 3, 24, 12, 715.82, 2384777, 767
5724, 30, 96, 97, 1, 1, 4.82%, 3, 24, 12, 45.58, 2386691, 767
5729, 30, 84, 97, 0, 0, 4.82%, 3, 24, 12, 138.53, 2388558, 767
5735, 30, 82, 97, 0, 0, 4.82%, 3, 24, 12, 220.87, 2389657, 767
5740, 30, 87, 97, 0, 0, 4.82%, 3, 24, 12, 540.28, 2390785, 767
5745, 30, 92, 97, 0, 0, 4.82%, 3, 24, 12, 556.83, 2393687, 767
5750, 30, 92, 97, 0, 0, 4.82%, 3, 24, 12, 498.43, 2394767, 767
5755, 30, 62, 98, 0, 0, 4.82%, 3, 24, 12, 610.00, 2397490, 767
5760, 30, 96, 98, 0, 0, 4.82%, 3, 24, 12, 87.90, 2399691, 767
5765, 30, 92, 98, 0, 0, 4.82%, 3, 24, 12, 172.07, 2401163, 767
5770, 30, 92, 98, 0, 0, 4.82%, 3, 24, 12, 578.26, 2403084, 767
5775, 30, 92, 98, 0, 0, 4.82%, 3, 24, 12, 368.93, 2404497, 767
5780, 30, 92, 98, 0, 0, 4.82%, 3, 24, 12, 583.79, 2406205, 767
5786, 30, 97, 98, 0, 0, 4.82%, 3, 24, 12, 573.97, 2408821, 767
5791, 30, 63, 98, 0, 0, 4.82%, 3, 24, 12, 680.98, 2412296, 767
5796, 30, 92, 98, 0, 0, 4.82%, 3, 24, 12, 696.01, 2415067, 767
5801, 30, 20, 98, 0, 0, 4.82%, 3, 24, 12, 680.78, 2417363, 767
5806, 30, 92, 98, 0, 0, 4.82%, 3, 24, 12, 496.05, 2419709, 767
5811, 30, 96, 98, 0, 0, 4.82%, 3, 24, 12, 472.93, 2422063, 767
5816, 30, 97, 98, 0, 0, 4.82%, 3, 24, 12, 325.22, 2424151, 767
5821, 30, 84, 98, 0, 0, 4.82%, 3, 24, 12, 298.45, 2425695, 767
5827, 30, 84, 98, 0, 0, 4.82%, 3, 24, 12, 664.32, 2428553, 767
5832, 30, 97, 98, 0, 0, 4.82%, 3, 24, 12, 583.64, 2431311, 767
5837, 30, 29, 98, 0, 0, 4.82%, 3, 24, 12, 615.39, 2434467, 767
5842, 30, 76, 98, 0, 0, 4.82%, 3, 24, 12, 235.20, 2435775, 767
5847, 31, 66, 98, 0, 0, 4.82%, 3, 24, 12, 317.02, 2437362, 767
5852, 31, 96, 98, 0, 0, 4.82%, 3, 24, 12, 81.90, 2440026, 767
5857, 31, 93, 98, 0, 0, 4.82%, 3, 24, 12, 671.77, 2442970, 767
5862, 31, 96, 98, 0, 0, 4.82%, 3, 24, 12, 506.97, 2445302, 767
5868, 31, 84, 98, 0, 0, 4.82%, 3, 24, 12, 109.26, 2447031, 767
5873, 31, 92, 98, 0, 0, 4.82%, 3, 24, 12, 498.34, 2449042, 767
5878, 31, 93, 98, 0, 0, 4.82%, 3, 24, 12, 471.99, 2451467, 767
5883, 31, 92, 98, 0, 0, 4.82%, 3, 24, 12, 455.99, 2453738, 767
5888, 31, 64, 98, 0, 0, 4.82%, 3, 24, 12, 498.10, 2456248, 767
5893, 31, 92, 98, 0, 0, 4.82%, 3, 24, 12, 538.64, 2459391, 767
5898, 31, 93, 98, 0, 0, 4.82%, 3, 24, 12, 507.52, 2461847, 767
5903, 31, 75, 98, 0, 0, 4.82%, 3, 24, 12, 690.83, 2464301, 767
5908, 31, 93, 98, 0, 0, 4.82%, 3, 24, 12, 531.05, 2466755, 767
5913, 31, 92, 98, 0, 0, 4.82%, 3, 24, 12, 510.81, 2469259, 767
5919, 31, 96, 98, 0, 0, 4.82%, 3, 24, 12, 583.25, 2472327, 767
5924, 31, 84, 98, 0, 0, 4.82%, 3, 24, 12, 377.70, 2474163, 767
5929, 31, 84, 98, 0, 0, 4.82%, 3, 24, 12, 291.13, 2475453, 767
5934, 31, 91, 98, 0, 0, 4.82%, 3, 24, 12, 64.94, 2476413, 767
5939, 31, 92, 98, 0, 0, 4.82%, 3, 24, 12, 510.11, 2477930, 767
5944, 31, 93, 98, 0, 0, 4.82%, 3, 24, 12, 454.11, 2480246, 767
5949, 31, 97, 98, 0, 0, 4.82%, 3, 24, 12, 596.70, 2482858, 767
5954, 31, 96, 98, 0, 0, 4.82%, 3, 24, 12, 607.44, 2485996, 767
5959, 31, 96, 98, 0, 0, 4.82%, 3, 24, 12, 525.66, 2488650, 767
5964, 31, 92, 98, 0, 0, 4.82%, 3, 24, 12, 58.04, 2490351, 767
5970, 31, 92, 98, 0, 0, 4.82%, 3, 24, 12, 221.27, 2491942, 767
5975, 31, 84, 98, 0, 0, 4.82%, 4, 24, 12, 295.28, 2493790, 767
5980, 31, 92, 98, 0, 0, 4.82%, 4, 24, 12, 360.31, 2495475, 767
5985, 31, 97, 98, 0, 0, 4.82%, 4, 24, 12, 491.31, 2497895, 767
5990, 31, 92, 98, 0, 0, 4.82%, 4, 24, 12, 442.16, 2500249, 767
5995, 31, 59, 98, 0, 0, 4.82%, 4, 24, 12, 491.15, 2502695, 767
6000, 31, 87, 98, 0, 0, 4.82%, 4, 24, 12, 556.87, 2505531, 767
6005, 31, 92, 98, 0, 0, 4.82%, 4, 24, 12, 614.96, 2508546, 767
6010, 31, 97, 98, 0, 0, 4.82%, 4, 24, 12, 537.22, 2511046, 767
6015, 31, 30, 98, 0, 0, 4.82%, 4, 24, 12, 545.16, 2513786, 767
6021, 31, 92, 98, 0, 0, 4.82%, 4, 24, 12, 474.44, 2516333, 767
6026, 31, 92, 98, 0, 0, 4.82%, 4, 24, 12, 521.96, 2518921, 767
6031, 31, 87, 98, 0, 0, 4.82%, 4, 24, 12, 426.27, 2521028, 767
6036, 31, 91, 98, 0, 0, 4.82%, 4, 24, 12, 290.26, 2521820, 767
6041, 31, 96, 98, 0, 0, 4.82%, 4, 24, 12, 55.62, 2523874, 767
6046, 31, 93, 98, 0, 0, 4.82%, 4, 24, 12, 448.36, 2525782, 767
6051, 31, 93, 98, 0, 0, 4.82%, 4, 24, 12, 491.55, 2528247, 767
6056, 31, 84, 98, 0, 0, 4.82%, 4, 24, 12, 421.22, 2530440, 767
6061, 31, 96, 98, 0, 0, 4.82%, 4, 24, 12, 555.27, 2531892, 767
6066, 31, 92, 98, 0, 0, 4.82%, 4, 24, 12, 471.40, 2533915, 767
6071, 31, 84, 98, 0, 0, 4.82%, 4, 24, 12, 369.78, 2535767, 767
6077, 31, 93, 98, 0, 0, 4.82%, 4, 24, 12, 509.49, 2537520, 767
6082, 31, 84, 98, 0, 0, 4.82%, 4, 24, 12, 438.59, 2539323, 767
6087, 31, 93, 98, 0, 0, 4.82%, 4, 24, 12, 460.99, 2540566, 767
6092, 31, 84, 98, 0, 0, 4.82%, 4, 24, 12, 61.54, 2542539, 767
6097, 31, 92, 98, 0, 0, 4.82%, 4, 24, 12, 467.07, 2544930, 767
6102, 31, 84, 98, 0, 0, 4.82%, 4, 24, 12, 177.16, 2545930, 767
6107, 31, 97, 98, 0, 0, 4.82%, 4, 24, 12, 406.37, 2547815, 767
6112, 31, 66, 98, 0, 0, 4.82%, 4, 24, 12, 156.97, 2549603, 767
6117, 31, 42, 98, 0, 0, 4.82%, 4, 24, 12, 523.07, 2552797, 767
6122, 31, 97, 98, 0, 0, 4.82%, 4, 24, 12, 519.71, 2555092, 767
6128, 31, 93, 98, 0, 0, 4.82%, 4, 24, 12, 536.27, 2557922, 767
6133, 31, 93, 98, 0, 0, 4.82%, 4, 24, 12, 494.07, 2560371, 767
6138, 31, 84, 98, 0, 0, 4.82%, 4, 24, 12, 216.51, 2561968, 767
6143, 31, 91, 98, 0, 0, 4.82%, 4, 24, 12, 188.84, 2562930, 767
6148, 31, 92, 98, 0, 0, 4.82%, 4, 24, 12, 364.78, 2564981, 767
6153, 31, 93, 98, 0, 0, 4.82%, 4, 24, 12, 480.42, 2567441, 767
6158, 31, 97, 98, 0, 0, 4.82%, 4, 24, 12, 566.19, 2570575, 767
6164, 31, 82, 98, 0, 0, 4.82%, 4, 24, 12, 150.74, 2572256, 767
6169, 31, 92, 98, 0, 0, 4.82%, 4, 24, 12, 270.00, 2573672, 767
6174, 32, 92, 98, 0, 0, 4.82%, 4, 24, 12, 334.16, 2575342, 767
6179, 32, 84, 98, 0, 0, 4.82%, 4, 24, 12, 490.16, 2578050, 767
6184, 32, 92, 98, 0, 0, 4.82%, 4, 24, 12, 483.26, 2580324, 767
6189, 32, 93, 98, 0, 0, 4.82%, 4, 24, 12, 507.32, 2582895, 767
6194, 32, 92, 98, 0, 0, 4.82%, 4, 24, 12, 501.38, 2584826, 767
6200, 32, 2, 98, 0, 0, 4.82%, 4, 24, 12, 560.61, 2587501, 767
6205, 32, 93, 98, 0, 0, 4.82%, 4, 24, 12, 830.00, 2589412, 767
6210, 32, 91, 98, 0, 0, 4.82%, 4, 24, 12, 483.21, 2591408, 767
6215, 32, 92, 98, 0, 0, 4.82%, 4, 24, 12, 662.69, 2594978, 767
6220, 32, 79, 98, 0, 0, 4.82%, 4, 24, 12, 516.68, 2597320, 767
6225, 32, 93, 98, 0, 0, 4.82%, 4, 24, 12, 580.53, 2600741, 767
6230, 32, 97, 98, 0, 0, 4.82%, 4, 24, 12, 529.75, 2603269, 767
6235, 32, 97, 98, 0, 0, 4.82%, 4, 24, 12, 640.16, 2606653, 767
6240, 32, 93, 98, 0, 0, 4.82%, 4, 24, 12, 578.95, 2609457, 767
6245, 32, 93, 98, 0, 0, 4.82%, 4, 24, 12, 810.24, 2611743, 767
6250, 32, 93, 98, 0, 0, 4.82%, 4, 24, 12, 72.56, 2613161, 767
6255, 32, 72, 98, 0, 0, 4.82%, 4, 24, 12, 81.20, 2615192, 767
6261, 32, 67, 98, 0, 0, 4.82%, 4, 24, 12, 315.62, 2616723, 767
6266, 32, 66, 98, 0, 0, 4.82%, 4, 24, 12, 526.02, 2619673, 767
6271, 32, 96, 98, 0, 0, 4.82%, 4, 24, 12, 519.15, 2622428, 767
6276, 32, 96, 98, 0, 0, 4.82%, 4, 24, 12, 688.60, 2625087, 767
6281, 32, 97, 98, 0, 0, 4.82%, 4, 24, 12, 663.26, 2628211, 767
6286, 32, 92, 98, 0, 0, 4.82%, 4, 24, 12, 545.02, 2631188, 767
6291, 32, 97, 98, 0, 0, 4.82%, 4, 24, 12, 614.45, 2634152, 767
6296, 32, 66, 98, 0, 0, 4.82%, 4, 24, 12, 451.92, 2636804, 767
6301, 32, 97, 98, 0, 0, 4.82%, 4, 24, 12, 602.33, 2639976, 767
6307, 32, 84, 98, 0, 0, 4.82%, 4, 24, 12, 130.66, 2641556, 767
6312, 32, 84, 98, 0, 0, 4.82%, 4, 24, 12, 273.82, 2643367, 767
6317, 32, 96, 98, 0, 0, 4.82%, 4, 24, 12, 52.45, 2644714, 767
6322, 32, 92, 98, 0, 0, 4.82%, 4, 24, 12, 543.89, 2647422, 767
6327, 32, 38, 98, 0, 0, 4.82%, 4, 24, 12, 503.55, 2649734, 767
6332, 32, 96, 98, 0, 0, 4.82%, 4, 24, 12, 578.26, 2652575, 767
6338, 32, 83, 98, 0, 0, 4.82%, 4, 24, 12, 664.47, 2654946, 767
6343, 32, 93, 98, 0, 0, 4.82%, 4, 24, 12, 486.05, 2657549, 767
6348, 32, 93, 98, 0, 0, 4.82%, 4, 24, 12, 677.83, 2659247, 767
6353, 32, 93, 98, 0, 0, 4.82%, 4, 24, 12, 585.04, 2662035, 767
6358, 32, 87, 98, 0, 0, 4.82%, 4, 24, 12, 468.20, 2664397, 767
6363, 32, 91, 98, 0, 0, 4.82%, 4, 24, 12, 87.39, 2665308, 767
6368, 32, 84, 98, 0, 0, 4.82%, 4, 24, 12, 676.24, 2667971, 767
6373, 32, 93, 98, 0, 0, 4.82%, 4, 24, 12, 605.15, 2669687, 767
6378, 32, 86, 98, 0, 0, 4.82%, 4, 24, 12, 542.45, 2671977, 767
6383, 32, 66, 98, 0, 0, 4.82%, 4, 24, 12, 316.37, 2673566, 767
6388, 32, 93, 98, 0, 0, 4.82%, 4, 24, 12, 387.77, 2675342, 767
6394, 32, 86, 98, 0, 0, 4.82%, 4, 24, 12, 405.78, 2676689, 767
6399, 32, 84, 98, 0, 0, 4.82%, 4, 24, 12, 144.53, 2677802, 767
6404, 32, 84, 98, 0, 0, 4.82%, 4, 24, 12, 254.47, 2679350, 767
6409, 32, 97, 98, 0, 0, 4.82%, 4, 24, 12, 344.23, 2680927, 767
6414, 32, 96, 98, 0, 0, 4.82%, 4, 24, 12, 524.00, 2683753, 767
6419, 32, 66, 98, 0, 0, 4.82%, 4, 24, 12, 577.59, 2685679, 767
6424, 32, 97, 98, 0, 0, 4.82%, 4, 24, 12, 537.63, 2688381, 767
6429, 32, 97, 98, 0, 0, 4.82%, 4, 24, 12, 635.11, 2690152, 767
6435, 32, 96, 98, 0, 0, 4.82%, 4, 24, 12, 499.10, 2692666, 767
6440, 32, 96, 98, 0, 0, 4.82%, 4, 24, 12, 551.71, 2695587, 767
6445, 32, 93, 98, 0, 0, 4.82%, 4, 24, 12, 535.42, 2698266, 767
6450, 32, 84, 98, 0, 0, 4.82%, 4, 24, 12, 546.02, 2701087, 767
6455, 32, 97, 98, 0, 0, 4.82%, 4, 24, 12, 489.44, 2703258, 767
6460, 33, 97, 98, 0, 0, 4.82%, 4, 24, 12, 594.05, 2706382, 767
6465, 33, 96, 98, 0, 0, 4.82%, 4, 24, 12, 558.58, 2709092, 767
6470, 33, 96, 98, 0, 0, 4.82%, 4, 24, 12, 512.29, 2710892, 767
6475, 33, 92, 98, 0, 0, 4.82%, 4, 24, 12, 498.60, 2713147, 767
6480, 33, 93, 98, 0, 0, 4.82%, 4, 24, 12, 561.88, 2716161, 767
6485, 33, 92, 98, 0, 0, 4.82%, 4, 24, 12, 395.61, 2718118, 767
6490, 33, 58, 98, 0, 0, 4.82%, 4, 24, 12, 556.55, 2720989, 767
6495, 33, 97, 98, 0, 0, 4.82%, 4, 24, 12, 446.29, 2723146, 767
6501, 33, 92, 98, 0, 0, 4.82%, 4, 24, 12, 404.12, 2725238, 767
6506, 33, 93, 98, 0, 0, 4.82%, 4, 24, 12, 444.84, 2727539, 767
6511, 33, 92, 98, 0, 0, 4.82%, 4, 24, 12, 544.34, 2729107, 767
6516, 33, 72, 98, 0, 0, 4.82%, 4, 24, 12, 612.30, 2732257, 767
6521, 33, 84, 98, 0, 0, 4.82%, 4, 24, 12, 382.61, 2733867, 767
6526, 33, 92, 98, 0, 0, 4.82%, 4, 24, 12, 249.74, 2735375, 767
6531, 33, 96, 98, 0, 0, 4.82%, 4, 24, 12, 568.83, 2738525, 767
6537, 33, 93, 98, 0, 0, 4.82%, 4, 24, 12, 556.59, 2741350, 767
6542, 33, 96, 98, 0, 0, 4.82%, 4, 24, 12, 560.80, 2744292, 767
6547, 33, 96, 98, 0, 0, 4.82%, 4, 24, 12, 673.76, 2746031, 767
6552, 33, 66, 98, 0, 0, 4.82%, 4, 24, 12, 500.22, 2748462, 767
6557, 33, 97, 98, 0, 0, 4.82%, 4, 24, 12, 469.79, 2750633, 767
6562, 33, 26, 98, 0, 0, 4.82%, 4, 24, 12, 571.58, 2753614, 767
6567, 33, 96, 98, 0, 0, 4.82%, 4, 24, 12, 609.84, 2756534, 767
6572, 33, 77, 98, 0, 0, 4.82%, 4, 24, 12, 311.26, 2758588, 767
6577, 33, 96, 98, 0, 0, 4.82%, 4, 24, 12, 52.30, 2761152, 767
6582, 33, 96, 98, 0, 0, 4.82%, 4, 24, 12, 574.82, 2763566, 767
6588, 33, 96, 98, 0, 0, 4.82%, 4, 24, 12, 95.99, 2765863, 767
6593, 33, 32, 98, 0, 0, 4.82%, 4, 24, 12, 448.47, 2767840, 767
6598, 33, 66, 98, 0, 0, 4.82%, 4, 24, 12, 548.51, 2770770, 767
6603, 33, 84, 98, 0, 0, 4.82%, 4, 24, 12, 550.08, 2773854, 767
6608, 33, 97, 98, 0, 0, 4.82%, 4, 24, 12, 616.11, 2776717, 767
6613, 33, 66, 98, 0, 0, 4.82%, 4, 24, 12, 537.23, 2779193, 767
6618, 33, 93, 98, 0, 0, 4.82%, 4, 24, 12, 542.01, 2781473, 767
6623, 33, 96, 98, 0, 0, 4.82%, 4, 24, 12, 547.62, 2784140, 767
6628, 33, 62, 98, 0, 0, 4.82%, 4, 24, 12, 483.34, 2786788, 767
6634, 33, 84, 98, 0, 0, 4.82%, 4, 24, 12, 302.10, 2787951, 767
6639, 33, 97, 98, 0, 0, 4.82%, 4, 24, 12, 436.97, 2790222, 767
6644, 33, 93, 98, 0, 0, 4.82%, 4, 24, 12, 541.58, 2793413, 767
6649, 33, 85, 98, 0, 0, 4.82%, 4, 24, 12, 294.32, 2795153, 767
6654, 33, 84, 98, 0, 0, 4.82%, 4, 24, 12, 242.24, 2796285, 767
6659, 33, 96, 98, 0, 0, 4.82%, 4, 24, 12, 433.46, 2798551, 767
6664, 33, 92, 98, 0, 0, 4.82%, 4, 24, 12, 463.24, 2801030, 767
6670, 33, 96, 98, 0, 0, 4.82%, 4, 24, 12, 506.89, 2803633, 767
6675, 33, 97, 98, 0, 0, 4.82%, 4, 24, 12, 542.34, 2806243, 767
6680, 33, 97, 98, 0, 0, 4.82%, 4, 24, 12, 665.13, 2808262, 767
6685, 33, 37, 98, 0, 0, 4.82%, 4, 24, 12, 171.34, 2810154, 767
6690, 33, 35, 98, 0, 0, 4.82%, 4, 24, 12, 396.53, 2812224, 767
6695, 33, 96, 98, 0, 0, 4.82%, 4, 24, 12, 613.94, 2814282, 767
6700, 33, 87, 98, 0, 0, 4.82%, 4, 24, 12, 396.09, 2815396, 767
6705, 33, 92, 98, 0, 0, 4.82%, 4, 24, 12, 339.78, 2817303, 767
6711, 33, 93, 98, 0, 0, 4.82%, 4, 24, 12, 457.77, 2819765, 767
6716, 33, 84, 98, 0, 0, 4.82%, 4, 24, 12, 351.71, 2821423, 767
6721, 33, 96, 98, 0, 0, 4.82%, 4, 24, 12, 49.77, 2824749, 767
6726, 33, 92, 98, 0, 0, 4.82%, 4, 24, 12, 401.51, 2826458, 767
6731, 33, 93, 98, 0, 0, 4.82%, 4, 24, 12, 449.85, 2828718, 767
6736, 33, 93, 98, 0, 0, 4.82%, 4, 24, 12, 480.00, 2830570, 767
6741, 33, 91, 98, 0, 0, 4.82%, 4, 24, 12, 65.69, 2832656, 767
6747, 33, 84, 98, 0, 0, 4.82%, 4, 24, 12, 491.63, 2833697, 767
6752, 33, 91, 98, 0, 0, 4.82%, 4, 24, 12, 70.00, 2835398, 767
6757, 34, 18, 98, 0, 0, 4.82%, 4, 24, 12, 523.23, 2836819, 767
6762, 34, 92, 98, 0, 0, 4.82%, 4, 24, 12, 584.27, 2839996, 767
6767, 34, 92, 98, 0, 0, 4.82%, 4, 24, 12, 482.70, 2842191, 767
6772, 34, 91, 98, 0, 0, 4.82%, 4, 24, 12, 72.87, 2844491, 767
6777, 34, 95, 98, 0, 0, 4.82%, 4, 24, 12, 480.77, 2845964, 767
6782, 34, 95, 98, 0, 0, 4.82%, 4, 24, 12, 633.54, 2848304, 767
6788, 34, 91, 98, 0, 0, 4.82%, 4, 24, 12, 77.41, 2849325, 767
6793, 34, 93, 98, 0, 0, 4.82%, 4, 24, 12, 61.95, 2851522, 767
6793, 34, 93, 98, 0, 0, 4.82%, 4, 24, 12, 62.18, 2851566, 767
